0 0.794478 0.370942 0.0388224 0.126972 2
0 0.579084 0.714468 0.063278 0.155581 4
0 0.42138 0.747035 0.0463893 0.141566 1
0 0.319287 0.205469 0.0365759 0.115989 31
0 0.406136 0.256797 0.0271515 0.126791 27
0 0.46394 0.523765 0.0422761 0.0895091 55
0 0.439908 0.401954 0.0556369 0.149827 61
0 0.522522 0.433429 0.0688766 0.16282 13
0 0.31531 0.45844 0.0444147 0.120465 57
0 0.317573 0.217671 0.0344097 0.0923841 77
0 0.574333 0.98732 0.0319758 0.0245107 79
0 0.574193 0.975771 0.0466947 0.0466673 69
0 0.0621725 0.538412 0.0402887 0.122191 8
