0 0.44886 0.489331 0.10108 0.397734 2
0 0.622829 0.613955 0.10143 0.398218 7
0 0.218596 0.488006 0.1161 0.408728 220
0 0.454749 0.185477 0.0757091 0.296608 47
0 0.16482 0.459668 0.084581 0.365528 229
0 0.537664 0.527473 0.0877733 0.400109 250
0 0.658197 0.562274 0.1121 0.393267 254
0 0.611523 0.371951 0.0739708 0.1795 285
0 0.159269 0.302832 0.0904773 0.279238 288
0 0.6015 0.25816 0.0760304 0.170937 209
0 0.544222 0.31504 0.0790644 0.163289 290
0 0.100012 0.418068 0.111388 0.410218 10
0 0.0241216 0.620239 0.0482431 0.0345309 294
0 0.405171 0.555885 0.161979 0.156407 289
