0 0.0613293 0.542778 0.041343 0.128193 1
0 0.456138 0.526147 0.0637582 0.103478 2
0 0.5783 0.713687 0.0629828 0.155125 3
0 0.426997 0.307416 0.05075 0.0723543 4
0 0.427064 0.744988 0.0475791 0.143004 5
0 0.791965 0.373533 0.0397245 0.128096 6
0 0.316577 0.459693 0.0436715 0.121781 10
0 0.314726 0.207849 0.0358909 0.11565 14
0 0.405004 0.255623 0.0261662 0.12087 37
0 0.337605 0.323057 0.0385497 0.130201 47
0 0.311929 0.378026 0.0355319 0.0875029 83
0 0.439338 0.428994 0.0520164 0.099629 8
0 0.522943 0.271399 0.0486037 0.0684641 62
0 0.4375 0.366294 0.0555486 0.0813566 110
0 0.530481 0.456704 0.0519956 0.126946 7
0 0.527747 0.374648 0.0493787 0.124443 115
