0 0.303037 0.515398 0.059243 0.185188 10
0 0.520777 0.562613 0.0841992 0.307087 2
0 0.129884 0.495013 0.109855 0.191543 83
0 0.627612 0.588019 0.101689 0.303254 7
0 0.400169 0.514089 0.0769763 0.278816 220
0 0.445978 0.279399 0.0760598 0.258675 47
0 0.338037 0.498391 0.0660102 0.289346 229
0 0.725761 0.451336 0.1311 0.181825 209
0 0.0790254 0.362623 0.0444001 0.238058 243
0 0.590561 0.539322 0.0736012 0.316132 250
0 0.627884 0.416388 0.0673316 0.145301 254
0 0.92325 0.505736 0.0758824 0.156361 233
0 0.461501 0.448347 0.111885 0.279698 189
