0 0.454233 0.503648 0.0850541 0.350623 2
0 0.617226 0.600191 0.10048 0.372105 7
0 0.26904 0.479774 0.0977494 0.363071 220
0 0.44897 0.224188 0.0738858 0.315817 47
0 0.205435 0.464544 0.0790244 0.3419 229
0 0.132643 0.294761 0.0663099 0.303635 243
0 0.549827 0.549715 0.0807988 0.381504 250
0 0.52413 0.472194 0.0623507 0.333115 278
0 0.647423 0.521321 0.153905 0.420034 254
0 0.986988 0.408427 0.0260242 0.3335 280
0 0.176652 0.447918 0.103906 0.306503 283
0 0.185974 0.407996 0.128042 0.379951 10
0 0.033234 0.530776 0.0664681 0.161631 83
