0 0.447659 0.495531 0.0957847 0.382244 2
0 0.617771 0.611632 0.100376 0.390284 7
0 0.224734 0.483829 0.110933 0.396951 220
0 0.455467 0.182893 0.0677903 0.279255 47
0 0.170731 0.46449 0.0831848 0.359917 229
0 0.53494 0.528764 0.084315 0.384898 250
0 0.66406 0.558532 0.118705 0.382048 254
0 0.611208 0.373661 0.072016 0.172529 285
0 0.177109 0.281758 0.0742609 0.222603 288
0 0.414469 0.561154 0.146656 0.13869 289
0 0.618603 0.278371 0.0883411 0.195453 209
0 0.543989 0.329714 0.0758284 0.155456 290
0 0.11487 0.421881 0.111305 0.375695 10
