0 0.0939956 0.563591 0.0381592 0.125303 1
0 0.453823 0.53271 0.0484987 0.0935933 2
0 0.572971 0.705707 0.0541949 0.14627 3
0 0.429172 0.326555 0.0451005 0.0678372 4
0 0.447557 0.735507 0.0400659 0.130162 5
0 0.771601 0.388542 0.0369233 0.121494 6
0 0.529189 0.472466 0.0435203 0.105349 7
0 0.424603 0.0161505 0.0191432 0.0320256 9
0 0.321657 0.469462 0.0374605 0.111424 10
0 0.31913 0.237042 0.0286536 0.103141 14
0 0.389081 0.273016 0.0245367 0.119203 37
0 0.327687 0.355773 0.0332072 0.0960694 47
0 0.312235 0.403372 0.0267614 0.0743309 83
0 0.442177 0.440097 0.0500649 0.0920198 8
0 0.512023 0.372889 0.0618668 0.146231 93
0 0.52154 0.433065 0.0421647 0.122509 95
0 0.441097 0.381362 0.0456593 0.0728158 12
