0 0.457044 0.474296 0.104457 0.464463 2
0 0.65047 0.610453 0.106725 0.43018 7
0 0.25225 0.499338 0.114857 0.468048 220
0 0.510564 0.178283 0.0896543 0.351357 47
0 0.173093 0.467963 0.0956086 0.445768 229
0 0.549554 0.518907 0.0916995 0.459902 250
0 0.131183 0.361319 0.104843 0.44164 288
0 0.561573 0.277743 0.0987263 0.234597 290
0 0.0458149 0.478726 0.0916299 0.451164 10
0 0.0455626 0.27318 0.0827943 0.405373 296
0 0.373682 0.479547 0.193905 0.420037 301
0 0.625602 0.333076 0.0863749 0.221891 285
0 0.616231 0.526945 0.0817736 0.357606 306
