0 0.135574 0.539808 0.0329273 0.135114 1
0 0.453381 0.524047 0.0357958 0.137529 2
0 0.565645 0.718026 0.0329781 0.157877 3
0 0.434111 0.343639 0.0357781 0.0705512 4
0 0.437505 0.738655 0.0364338 0.157142 5
0 0.774194 0.405542 0.0366889 0.121361 6
0 0.530401 0.475844 0.0502499 0.13313 7
0 0.442176 0.455676 0.0384582 0.0940078 8
0 0.428437 0.024633 0.020927 0.0490571 9
0 0.323692 0.483257 0.0312768 0.118459 10
0 0.445698 0.391643 0.0355875 0.0679394 12
0 0.31786 0.248968 0.021819 0.114364 14
0 0.544287 0.0114723 0.0105461 0.0222781 15
0 0.356386 0.286156 0.0243179 0.118263 37
0 0.0381803 0.0235932 0.0238742 0.04535 44
0 0.320051 0.368799 0.0342208 0.167271 47
0 0.152557 0.0195228 0.013887 0.0390017 49
0 0.532489 0.302 0.0339401 0.0716579 62
0 0.23631 0.0213506 0.0261326 0.0423719 28
0 0.465838 0.0120041 0.0149071 0.0236811 65
