0 0.0784892 0.567722 0.0369198 0.117922 1
0 0.457222 0.530555 0.0512171 0.0958321 2
0 0.573137 0.705883 0.0557413 0.147255 3
0 0.429104 0.325072 0.0461228 0.0684885 4
0 0.447043 0.738611 0.0399508 0.125173 5
0 0.772726 0.387793 0.0372004 0.122416 6
0 0.529743 0.470746 0.0451368 0.108173 7
0 0.320903 0.46878 0.0382433 0.112683 10
0 0.318009 0.235597 0.0294179 0.103882 14
0 0.393355 0.27327 0.0244283 0.121487 37
0 0.326912 0.353191 0.0352476 0.099364 47
0 0.312397 0.404483 0.0308405 0.0836799 83
0 0.443413 0.438793 0.0515366 0.0938629 8
0 0.519748 0.423301 0.0397954 0.115169 95
0 0.439566 0.381536 0.0505799 0.0803681 12
0 0.521244 0.292638 0.036654 0.0629491 62
