0 0.136185 0.560327 0.0310182 0.113907 1
0 0.444133 0.528146 0.0443232 0.123457 2
0 0.573054 0.714153 0.0458443 0.148559 3
0 0.429881 0.337333 0.0417805 0.0687934 4
0 0.446419 0.744335 0.0346762 0.133289 5
0 0.772902 0.399591 0.0370759 0.120604 6
0 0.529417 0.476183 0.0465992 0.119407 7
0 0.425528 0.0223242 0.0206774 0.0434192 9
0 0.322626 0.480883 0.0340374 0.110014 10
0 0.447327 0.388464 0.0380457 0.0644008 12
0 0.321109 0.248095 0.024642 0.104216 14
0 0.541894 0.00838744 0.00930888 0.0167749 15
0 0.37223 0.282913 0.0244718 0.121357 37
0 0.326732 0.365686 0.0269371 0.107617 47
0 0.52826 0.298974 0.0334474 0.0676167 62
0 0.462658 0.00856205 0.011534 0.0170994 65
0 0.290454 0.0126408 0.0222278 0.0247123 71
0 0.441087 0.426863 0.0522523 0.140378 79
0 0.510947 0.337295 0.0520554 0.0876485 81
0 0.312732 0.412157 0.0295561 0.0881489 83
