0 0.138155 0.505241 0.0327647 0.135976 1
0 0.467767 0.505304 0.0305293 0.153434 2
0 0.571804 0.711005 0.0324171 0.176246 3
0 0.428163 0.339615 0.0358876 0.0908997 4
0 0.4025 0.727092 0.0407466 0.158763 5
0 0.776109 0.409426 0.0320449 0.113212 6
0 0.531868 0.458506 0.0619089 0.172947 7
0 0.43299 0.45238 0.0357026 0.109553 8
0 0.425845 0.0282248 0.0196238 0.0551972 9
0 0.315934 0.483711 0.0252307 0.108887 10
0 0.527176 0.28979 0.04557 0.0969675 11
0 0.443402 0.386239 0.0349424 0.0714696 12
0 0.319787 0.23826 0.0221085 0.116843 14
0 0.545093 0.0133649 0.0111739 0.0259807 15
