0 0.252542 0.482908 0.0639327 0.182708 10
0 0.501078 0.519564 0.0894179 0.341379 2
0 0.0545705 0.53913 0.109141 0.198471 83
0 0.621237 0.588323 0.0978165 0.327885 7
0 0.341555 0.496541 0.0736363 0.281564 220
0 0.446802 0.255464 0.0784871 0.29063 47
0 0.305416 0.482343 0.0666354 0.298793 229
0 0.707795 0.409173 0.142388 0.213988 209
0 0.115486 0.331368 0.0518973 0.248487 243
0 0.57522 0.547905 0.072055 0.32489 250
0 0.955483 0.474799 0.0890343 0.211882 233
0 0.424496 0.53721 0.069928 0.14696 189
0 0.639687 0.485601 0.132472 0.307673 254
