0 0.139082 0.512946 0.0321764 0.137672 1
0 0.470029 0.51565 0.0300329 0.154778 2
0 0.562658 0.717414 0.0308975 0.163075 3
0 0.4291 0.34165 0.0339565 0.0825502 4
0 0.411748 0.733806 0.0400377 0.159862 5
0 0.775052 0.409591 0.0345921 0.11828 6
0 0.535801 0.487186 0.0409405 0.113463 7
0 0.435058 0.45378 0.035141 0.101246 8
0 0.427981 0.0263827 0.0198122 0.0520717 9
0 0.318254 0.475136 0.0303798 0.125014 10
0 0.519636 0.342628 0.0858111 0.198217 11
0 0.444719 0.391577 0.0356454 0.0722169 12
0 0.319102 0.244017 0.0228701 0.122414 14
0 0.545284 0.0127736 0.0108814 0.0245971 15
0 0.222398 0.0236863 0.0291661 0.0461733 28
0 0.337466 0.288624 0.0227502 0.120589 37
0 0.312398 0.40155 0.0208051 0.0924765 38
