0 0.138034 0.50698 0.0319614 0.132888 1
0 0.467194 0.507579 0.0309351 0.15866 2
0 0.569952 0.716294 0.0303355 0.164363 3
0 0.42832 0.339877 0.0353328 0.0888855 4
0 0.405179 0.728987 0.040511 0.159311 5
0 0.775822 0.409751 0.0323309 0.113033 6
0 0.532832 0.469568 0.0539118 0.150574 7
0 0.433748 0.451852 0.0356214 0.107949 8
0 0.426986 0.0273585 0.0193479 0.0536489 9
0 0.31644 0.481549 0.0264273 0.112346 10
0 0.526369 0.303734 0.0572808 0.123485 11
0 0.443469 0.389321 0.034985 0.071156 12
0 0.319701 0.23969 0.0225744 0.119391 14
0 0.54518 0.0130782 0.0110037 0.0254419 15
0 0.217446 0.0243928 0.0302499 0.0471699 28
