0 0.0620167 0.537464 0.0432 0.134337 1
0 0.455577 0.52464 0.0649466 0.105024 2
0 0.579358 0.714666 0.064074 0.157576 3
0 0.425932 0.30318 0.051603 0.0744039 4
0 0.413095 0.749292 0.0489571 0.142091 5
0 0.796128 0.370318 0.0402465 0.130092 6
0 0.313892 0.45718 0.0438219 0.123904 10
0 0.322931 0.204496 0.0345513 0.117704 14
0 0.404749 0.251209 0.0263002 0.121006 37
0 0.337642 0.318145 0.0377749 0.135297 47
0 0.309279 0.373649 0.0392695 0.096232 83
0 0.443685 0.426924 0.0517652 0.100099 8
0 0.523247 0.266521 0.0500938 0.0711336 62
0 0.436669 0.3619 0.0582668 0.0865468 110
0 0.530359 0.447033 0.0568852 0.14274 7
0 0.531182 0.368618 0.0461669 0.117738 115
