0 0.0618393 0.536506 0.0433872 0.135435 1
0 0.45534 0.524296 0.065212 0.105434 2
0 0.579569 0.714839 0.0642171 0.157826 3
0 0.42557 0.301991 0.0516913 0.0746114 4
0 0.408856 0.749509 0.0489199 0.142033 5
0 0.796903 0.36959 0.0404933 0.130986 6
0 0.313709 0.456729 0.0438365 0.124236 10
0 0.324133 0.203406 0.0339585 0.11686 14
0 0.404482 0.250254 0.0264327 0.121456 37
0 0.337167 0.316967 0.0376116 0.136371 47
0 0.30876 0.372481 0.0391883 0.0959683 83
0 0.444066 0.426623 0.0513837 0.100171 8
0 0.524139 0.265354 0.0497593 0.0709776 62
0 0.436566 0.361568 0.0579606 0.0863037 110
0 0.530371 0.448519 0.0551104 0.138301 7
0 0.53177 0.369178 0.0451914 0.115924 115
