0 0.313788 0.506182 0.0712961 0.225323 10
0 0.523686 0.578228 0.0820023 0.297684 2
0 0.146745 0.48173 0.0968489 0.172406 83
0 0.624554 0.592644 0.101209 0.291822 7
0 0.418844 0.522362 0.0772773 0.272267 220
0 0.446804 0.281827 0.0752311 0.254257 47
0 0.360579 0.508782 0.0590986 0.276053 229
0 0.722653 0.462132 0.129007 0.177043 209
0 0.0713163 0.37694 0.0422816 0.227459 243
0 0.598957 0.529142 0.0788679 0.336211 250
0 0.624867 0.411761 0.0582923 0.124634 254
0 0.902804 0.519495 0.0697999 0.146532 233
0 0.464617 0.447332 0.107475 0.264313 189
