0 0.127124 0.566993 0.0364447 0.124037 1
0 0.44642 0.532274 0.0438255 0.107996 2
0 0.57313 0.709981 0.0501787 0.148407 3
0 0.428706 0.333217 0.043409 0.0683033 4
0 0.446899 0.739896 0.0380038 0.132563 5
0 0.771751 0.395022 0.0372493 0.121198 6
0 0.527605 0.468957 0.0490189 0.125498 7
0 0.424909 0.0196061 0.0194796 0.0383601 9
0 0.322198 0.475876 0.0362235 0.112493 10
0 0.446498 0.383963 0.0398466 0.0657642 12
0 0.320099 0.24414 0.0266626 0.103834 14
0 0.378712 0.278748 0.0227724 0.118496 37
0 0.327901 0.363399 0.0279524 0.0959117 47
0 0.290291 0.0100869 0.0185885 0.0196261 71
0 0.513465 0.319449 0.0534931 0.0877899 81
0 0.311653 0.408181 0.0261632 0.0778387 83
0 0.441171 0.447293 0.0450645 0.0909953 8
