0 0.0586481 0.525633 0.0444649 0.139883 1
0 0.455191 0.523488 0.0659212 0.105799 2
0 0.581071 0.71621 0.0654735 0.160878 3
0 0.424375 0.297492 0.0515291 0.0745115 4
0 0.385407 0.750417 0.0440192 0.137697 5
0 0.801388 0.366084 0.0405754 0.132287 6
0 0.311388 0.454575 0.0437332 0.125189 10
0 0.326761 0.198434 0.0311246 0.117063 14
0 0.403571 0.245395 0.0271823 0.122828 37
0 0.334923 0.314058 0.0357245 0.134229 47
0 0.306886 0.371349 0.0424601 0.104819 83
0 0.44398 0.424009 0.0509621 0.102277 8
0 0.524368 0.262157 0.0498315 0.0713648 62
0 0.43661 0.358315 0.0562074 0.0843843 110
0 0.531628 0.452062 0.0528278 0.128439 7
0 0.535513 0.368333 0.0358354 0.0907843 115
