0 0.0445191 0.568194 0.0440597 0.134067 1
0 0.456797 0.529557 0.0609845 0.100527 2
0 0.576327 0.71226 0.0609414 0.152272 3
0 0.427882 0.316045 0.0489868 0.0704703 4
0 0.442744 0.747229 0.0455052 0.126774 5
0 0.783884 0.380831 0.0385507 0.12525 6
0 0.533287 0.470527 0.044184 0.10471 7
0 0.318462 0.466718 0.0415358 0.115084 10
0 0.311206 0.222767 0.0326135 0.108486 14
0 0.401147 0.268461 0.026135 0.126863 37
0 0.331404 0.337614 0.0410255 0.120399 47
0 0.311108 0.392115 0.0402399 0.0986748 83
0 0.445378 0.436655 0.0478393 0.095495 8
0 0.438271 0.373923 0.0524278 0.0785299 12
0 0.521923 0.281699 0.0446305 0.0658066 62
