0 0.147165 0.490006 0.0311706 0.130693 1
0 0.461115 0.500859 0.0311356 0.147954 2
0 0.579116 0.694912 0.0336507 0.173957 3
0 0.42672 0.337521 0.0377064 0.0969839 4
0 0.381306 0.721036 0.0441132 0.16045 5
0 0.776492 0.405133 0.0333993 0.121005 6
0 0.532665 0.483102 0.0436527 0.119972 7
0 0.425705 0.456479 0.0330972 0.104045 8
0 0.424046 0.02839 0.0194372 0.0546867 9
0 0.319061 0.485172 0.0250881 0.112135 10
0 0.528766 0.288692 0.0457705 0.100459 11
0 0.442481 0.388508 0.0397856 0.0830905 12
0 0.318899 0.235148 0.0214824 0.116387 14
0 0.544695 0.0140001 0.011258 0.0268022 15
