0 0.0364497 0.524499 0.0446957 0.12655 1
0 0.453304 0.522954 0.0667797 0.108908 2
0 0.583159 0.719675 0.0666828 0.165726 3
0 0.423435 0.293156 0.0534023 0.0771021 4
0 0.352773 0.750506 0.0421219 0.134882 5
0 0.808088 0.362993 0.0416229 0.135886 6
0 0.3084 0.453717 0.0442439 0.127662 10
0 0.324205 0.191729 0.0309396 0.120049 14
0 0.403046 0.239098 0.0285656 0.124633 37
0 0.332507 0.313628 0.036492 0.130895 47
0 0.303524 0.372401 0.0446622 0.110939 83
0 0.443418 0.423185 0.0505449 0.102397 8
0 0.527362 0.254913 0.0466762 0.0670617 62
0 0.435176 0.356351 0.0588784 0.0863538 110
0 0.533006 0.447795 0.057213 0.136305 7
0 0.52995 0.37212 0.0454038 0.108263 115
0 0.576922 0.982077 0.0253335 0.0358467 127
0 0.511158 0.302725 0.0605603 0.0815493 128
