0 0.0455359 0.574523 0.0416845 0.12547 1
0 0.456937 0.53002 0.0576306 0.0985467 2
0 0.57485 0.709414 0.0586913 0.148552 3
0 0.428153 0.31974 0.0481838 0.069708 4
0 0.444592 0.743337 0.0439882 0.12589 5
0 0.778663 0.384973 0.0378714 0.123378 6
0 0.52928 0.469402 0.0467515 0.109872 7
0 0.319989 0.466904 0.0397548 0.11447 10
0 0.314189 0.228543 0.0314321 0.105655 14
0 0.398118 0.27352 0.0245964 0.124086 37
0 0.326647 0.350033 0.0410986 0.111286 47
0 0.309907 0.392125 0.028575 0.0709167 83
0 0.445734 0.438847 0.0481039 0.0935781 8
0 0.438302 0.378106 0.0501192 0.0779829 12
0 0.52191 0.287425 0.0439071 0.0654337 62
