0 0.290853 0.505976 0.0584714 0.181844 10
0 0.515848 0.549209 0.0845032 0.315268 2
0 0.111847 0.502613 0.111798 0.191724 83
0 0.626653 0.587705 0.0998772 0.305093 7
0 0.386627 0.500473 0.0730411 0.272032 220
0 0.444583 0.273709 0.0766989 0.263854 47
0 0.323024 0.495207 0.0682053 0.286613 229
0 0.726264 0.438777 0.133349 0.186503 209
0 0.0859884 0.347999 0.0454886 0.238185 243
0 0.585836 0.545217 0.0710606 0.308544 250
0 0.939549 0.492583 0.0826984 0.167924 233
0 0.448862 0.481979 0.0877047 0.207953 189
