0 0.0306473 0.522799 0.0470867 0.132885 1
0 0.455253 0.517672 0.0741138 0.121861 2
0 0.582686 0.721102 0.0666594 0.166751 3
0 0.424716 0.286992 0.0593671 0.0859122 4
0 0.338434 0.755529 0.0421289 0.13303 5
0 0.809419 0.362476 0.0419186 0.137262 6
0 0.321838 0.186871 0.0320296 0.120381 14
0 0.403595 0.239541 0.0293026 0.122107 37
0 0.332953 0.312818 0.0371595 0.127827 47
0 0.305142 0.373263 0.0393471 0.0986977 83
0 0.526167 0.24815 0.0492931 0.0680694 62
0 0.44239 0.348189 0.0695282 0.104012 110
0 0.543846 0.357046 0.0482589 0.116941 115
0 0.579668 0.984259 0.0206358 0.031483 127
0 0.502486 0.309702 0.0790053 0.117354 128
0 0.538844 0.45666 0.0499055 0.128581 105
