0 0.454738 0.49979 0.0874641 0.358924 2
0 0.617471 0.602615 0.100966 0.376302 7
0 0.260321 0.482222 0.101789 0.369147 220
0 0.45168 0.215978 0.0734922 0.313802 47
0 0.197098 0.463314 0.0792538 0.34321 229
0 0.129057 0.29061 0.06621 0.309822 243
0 0.546504 0.544872 0.0822484 0.38958 250
0 0.524184 0.465829 0.0654319 0.341862 278
0 0.660294 0.541467 0.138384 0.389489 254
0 0.163766 0.443627 0.107418 0.318092 283
0 0.609729 0.363854 0.0537429 0.127064 285
0 0.0315436 0.532017 0.0630873 0.155966 83
0 0.648755 0.319412 0.120361 0.240633 209
