0 0.458455 0.486456 0.104872 0.427716 2
0 0.635214 0.60893 0.109212 0.427939 7
0 0.214012 0.496098 0.121821 0.436985 220
0 0.471799 0.170385 0.0797181 0.292998 47
0 0.167192 0.478712 0.0914299 0.421048 229
0 0.54298 0.517148 0.0938868 0.460079 250
0 0.13648 0.361009 0.119697 0.414586 288
0 0.565653 0.247593 0.0809127 0.194979 209
0 0.547121 0.296045 0.0845025 0.180382 290
0 0.0638418 0.457074 0.0991545 0.389097 10
0 0.0882952 0.275711 0.0728292 0.361128 296
0 0.419467 0.533034 0.153603 0.292695 301
0 0.618919 0.365634 0.0806999 0.200212 285
