0 0.0896089 0.564621 0.0378512 0.122644 1
0 0.461113 0.531659 0.0482306 0.0940123 2
0 0.573015 0.705537 0.0546886 0.146432 3
0 0.429196 0.326359 0.0451821 0.0675557 4
0 0.447638 0.735631 0.0404206 0.130209 5
0 0.771752 0.388361 0.0369829 0.121678 6
0 0.529211 0.472412 0.0437597 0.105216 7
0 0.424631 0.0157582 0.0192145 0.0314413 9
0 0.321484 0.469136 0.0376885 0.111624 10
0 0.318984 0.236539 0.0289044 0.103309 14
0 0.390482 0.272847 0.0243574 0.118858 37
0 0.327506 0.354971 0.0340008 0.0973298 47
0 0.312294 0.403084 0.0275956 0.0756815 83
0 0.442453 0.439448 0.0507227 0.0927179 8
0 0.512228 0.37033 0.0631522 0.148699 93
0 0.519445 0.426079 0.039929 0.115906 95
0 0.439759 0.380739 0.048978 0.0782205 12
0 0.522675 0.293475 0.0322365 0.0606825 62
