0 0.0485439 0.557696 0.0419093 0.13047 1
0 0.456637 0.528712 0.0619438 0.101508 2
0 0.57658 0.712981 0.0614823 0.153026 3
0 0.427075 0.313068 0.0497932 0.0713031 4
0 0.441188 0.747654 0.0455594 0.127849 5
0 0.786413 0.378857 0.0389474 0.126358 6
0 0.532718 0.466131 0.0471116 0.112522 7
0 0.317975 0.4646 0.042746 0.117625 10
0 0.310273 0.219995 0.0328962 0.109488 14
0 0.401617 0.265862 0.0274213 0.129921 37
0 0.333403 0.33304 0.0409355 0.124314 47
0 0.312159 0.385661 0.0373163 0.0932933 83
0 0.444839 0.434974 0.0476461 0.0959302 8
0 0.437999 0.37112 0.0544796 0.0814279 12
0 0.521887 0.278621 0.0448508 0.0649522 62
0 0.465267 0.528523 0.044527 0.100038 106
