0 0.2619 0.490195 0.0587573 0.17079 10
0 0.507767 0.513323 0.0934086 0.357837 2
0 0.0732529 0.522359 0.111144 0.19167 83
0 0.622259 0.586937 0.0990429 0.321936 7
0 0.359045 0.494576 0.0710319 0.275005 220
0 0.446114 0.260643 0.0784893 0.282639 47
0 0.315429 0.485305 0.0668343 0.294279 229
0 0.716393 0.416613 0.139001 0.20143 209
0 0.108117 0.335018 0.0501257 0.242073 243
0 0.579031 0.549272 0.0709946 0.315864 250
0 0.954282 0.480706 0.0914358 0.200467 233
0 0.432998 0.52197 0.080745 0.177586 189
0 0.637227 0.469184 0.119845 0.27028 254
