0 0.021735 0.787308 0.0434701 0.21845 5
0 0.366968 0.590486 0.078499 0.223513 10
0 0.532904 0.621745 0.0669384 0.268769 2
0 0.219099 0.522355 0.0640154 0.116845 83
0 0.588176 0.615059 0.0786885 0.253566 7
0 0.472507 0.572559 0.0578936 0.235294 220
0 0.4036 0.344507 0.0731406 0.209201 47
0 0.0878488 0.75791 0.0831663 0.243946 3
0 0.435929 0.565303 0.0530801 0.251067 229
0 0.675735 0.519224 0.110544 0.129 209
0 0.781612 0.562064 0.0563478 0.122829 233
0 0.28896 0.499563 0.092728 0.15581 62
0 0.477187 0.423135 0.0690113 0.168549 189
