0 0.038552 0.524916 0.0439763 0.125074 1
0 0.453341 0.522883 0.0670622 0.109143 2
0 0.583029 0.719386 0.0666904 0.16565 3
0 0.423469 0.293708 0.0531222 0.0766854 4
0 0.355427 0.75057 0.0420982 0.134797 5
0 0.807507 0.363129 0.0416492 0.135874 6
0 0.308488 0.453943 0.0441314 0.127317 10
0 0.324621 0.192877 0.0308437 0.120151 14
0 0.40312 0.239608 0.0284486 0.124559 37
0 0.332772 0.313731 0.0363346 0.131275 47
0 0.303606 0.371092 0.0435499 0.107285 83
0 0.443504 0.42366 0.0501883 0.101537 8
0 0.527208 0.255995 0.0475102 0.0680943 62
0 0.435264 0.356642 0.0585765 0.086053 110
0 0.533335 0.455323 0.0513378 0.121003 7
0 0.52918 0.371778 0.0444882 0.107602 115
0 0.576267 0.981681 0.0260356 0.0366383 127
0 0.510737 0.304254 0.0583355 0.0783809 128
