0 0.148209 0.489615 0.031619 0.132876 1
0 0.460557 0.501637 0.0313206 0.14855 2
0 0.580819 0.694912 0.0326445 0.167808 3
0 0.426706 0.337635 0.0379944 0.0977781 4
0 0.378783 0.719047 0.0441235 0.160581 5
0 0.775888 0.405207 0.0338969 0.122925 6
0 0.532333 0.482875 0.0444807 0.122548 7
0 0.424577 0.45668 0.0333698 0.104794 8
0 0.423865 0.0287128 0.0196854 0.0554344 9
0 0.318766 0.478995 0.0282358 0.126772 10
0 0.526509 0.290087 0.0467408 0.102688 11
0 0.442448 0.38701 0.0387734 0.0809127 12
0 0.148346 0.0257667 0.0238993 0.0505587 13
0 0.318686 0.23519 0.0211818 0.114853 14
0 0.544489 0.0145373 0.0116663 0.0278534 15
