0 0.0562082 0.523318 0.0438372 0.137385 1
0 0.45517 0.523354 0.0659236 0.105609 2
0 0.581516 0.716601 0.0657518 0.161764 3
0 0.42416 0.296918 0.0519557 0.0751269 4
0 0.382466 0.750905 0.0430671 0.136386 5
0 0.8021 0.365643 0.0406062 0.1323 6
0 0.311087 0.454491 0.0436994 0.125177 10
0 0.326793 0.197571 0.0308272 0.116872 14
0 0.403465 0.244481 0.0273944 0.123508 37
0 0.334745 0.31405 0.0356252 0.133726 47
0 0.306577 0.37037 0.0418009 0.102945 83
0 0.443879 0.424107 0.0508494 0.10241 8
0 0.524744 0.261116 0.0495256 0.0710153 62
0 0.43638 0.35856 0.0566687 0.0851053 110
0 0.530991 0.450467 0.0541151 0.131297 7
0 0.536102 0.363494 0.0318164 0.0794257 115
