0 0.452325 0.489515 0.10328 0.407652 2
0 0.625271 0.615928 0.102678 0.402458 7
0 0.214947 0.490631 0.118644 0.416215 220
0 0.455914 0.177569 0.075002 0.284734 47
0 0.166219 0.4629 0.0866457 0.378559 229
0 0.538387 0.497288 0.100925 0.47167 250
0 0.656052 0.566468 0.10983 0.401002 254
0 0.150463 0.30603 0.09342 0.292996 288
0 0.591648 0.252776 0.0760917 0.17334 209
0 0.545091 0.309179 0.081185 0.169112 290
0 0.0903839 0.437143 0.102226 0.387237 10
0 0.104224 0.274893 0.0692128 0.346459 296
0 0.400984 0.555856 0.172558 0.171005 289
