0 0.061826 0.533269 0.0441082 0.139003 1
0 0.455051 0.523673 0.0656417 0.105991 2
0 0.580118 0.715045 0.0645194 0.158321 3
0 0.425605 0.300148 0.0517522 0.0749596 4
0 0.399056 0.749273 0.0477491 0.141795 5
0 0.798523 0.368102 0.0408185 0.13266 6
0 0.31317 0.456099 0.0436769 0.124453 10
0 0.326039 0.201024 0.032906 0.117135 14
0 0.404243 0.247815 0.0265355 0.121184 37
0 0.336274 0.315067 0.0369473 0.136479 47
0 0.308414 0.369933 0.0400879 0.0977333 83
0 0.444273 0.425431 0.0508273 0.100389 8
0 0.523821 0.26422 0.0501189 0.0716082 62
0 0.436606 0.360925 0.0578055 0.0864912 110
0 0.530394 0.455269 0.0502883 0.123643 7
0 0.534579 0.372943 0.0405807 0.105468 115
