0 0.0284706 0.522972 0.0472667 0.133711 1
0 0.464166 0.50794 0.0824449 0.140483 2
0 0.577968 0.726208 0.0644595 0.162168 3
0 0.431478 0.28095 0.0674574 0.0973389 4
0 0.325769 0.763313 0.04703 0.144033 5
0 0.808172 0.360707 0.0429329 0.141018 6
0 0.316185 0.185009 0.0327445 0.117657 14
0 0.403509 0.242999 0.0287412 0.109754 37
0 0.33343 0.293401 0.0261303 0.0770615 47
0 0.308145 0.373742 0.0392751 0.0938027 83
0 0.525194 0.249988 0.058028 0.084153 62
0 0.550931 0.36055 0.046191 0.119451 115
0 0.54144 0.457993 0.0527998 0.133502 105
0 0.307642 0.446007 0.0529076 0.131075 10
0 0.450883 0.386245 0.0819386 0.16937 8
