0 0.0617659 0.534864 0.043603 0.136916 1
0 0.455118 0.52397 0.0654788 0.105819 2
0 0.579799 0.714839 0.0643356 0.157955 3
0 0.425612 0.300817 0.0513197 0.0741503 4
0 0.404135 0.749544 0.0486617 0.142238 5
0 0.7978 0.368723 0.0407526 0.132119 6
0 0.313565 0.456444 0.0437539 0.124402 10
0 0.325394 0.201987 0.0334304 0.116981 14
0 0.404455 0.24885 0.026392 0.120943 37
0 0.336704 0.316019 0.0373596 0.136835 47
0 0.308705 0.371213 0.0396379 0.0968238 83
0 0.444198 0.426053 0.0510398 0.100217 8
0 0.524273 0.264771 0.04973 0.0710873 62
0 0.436542 0.361339 0.0576878 0.086116 110
0 0.529814 0.448793 0.0548448 0.137128 7
0 0.53286 0.370888 0.042905 0.110678 115
