0 0.0264212 0.809541 0.0528424 0.238602 5
0 0.37164 0.596706 0.0783771 0.226258 10
0 0.530879 0.621992 0.0719519 0.280015 2
0 0.226493 0.519727 0.0729331 0.131161 83
0 0.579181 0.614793 0.0771202 0.247101 7
0 0.47449 0.566692 0.0566549 0.2304 220
0 0.400754 0.35722 0.0779938 0.21721 47
0 0.104908 0.761626 0.0813057 0.243945 3
0 0.438151 0.563543 0.0538671 0.257715 229
0 0.668616 0.525341 0.113887 0.130259 209
0 0.767887 0.555882 0.0548803 0.120115 233
0 0.300284 0.498438 0.0906727 0.158097 62
0 0.481732 0.41921 0.0651115 0.156062 189
