0 0.117703 0.563826 0.0376207 0.127911 1
0 0.44852 0.534139 0.0438214 0.100602 2
0 0.572754 0.70798 0.0514148 0.146927 3
0 0.429371 0.330729 0.0444046 0.0688851 4
0 0.44752 0.737323 0.0389903 0.132637 5
0 0.771286 0.392641 0.037113 0.121348 6
0 0.529574 0.474516 0.043351 0.109712 7
0 0.424744 0.0182815 0.0191945 0.0361385 9
0 0.321898 0.473535 0.036667 0.111954 10
0 0.446281 0.383588 0.0400306 0.0656221 12
0 0.319791 0.241587 0.0271787 0.102978 14
0 0.384381 0.276808 0.0234225 0.118924 37
0 0.327944 0.36192 0.0292313 0.0942141 47
0 0.312253 0.406156 0.0263467 0.0771051 83
0 0.441503 0.444959 0.0466797 0.091274 8
0 0.512124 0.37391 0.0636813 0.153741 93
