0 0.454665 0.487753 0.104025 0.413611 2
0 0.629471 0.615092 0.10451 0.409305 7
0 0.208265 0.49342 0.121521 0.422774 220
0 0.45897 0.168874 0.0732689 0.270291 47
0 0.168122 0.467016 0.0881966 0.391549 229
0 0.541421 0.514925 0.0924026 0.438153 250
0 0.655581 0.571134 0.105527 0.401432 254
0 0.143434 0.339704 0.112764 0.364014 288
0 0.583454 0.246952 0.0741349 0.171265 209
0 0.545492 0.306012 0.0838213 0.175937 290
0 0.0810943 0.460082 0.0927387 0.358159 10
0 0.0990684 0.276122 0.0710129 0.354808 296
0 0.403944 0.56141 0.195168 0.198881 289
0 0.613159 0.371165 0.0767585 0.187735 285
