0 0.791737 0.373387 0.0385198 0.126255 2
0 0.578266 0.713423 0.0626553 0.154365 4
0 0.430003 0.742695 0.0461626 0.145776 1
0 0.312621 0.207465 0.0365516 0.111642 31
0 0.406187 0.2558 0.0255692 0.118721 27
0 0.0593158 0.547065 0.0393737 0.120985 8
0 0.464113 0.524662 0.0416588 0.088479 55
0 0.439768 0.399745 0.0562551 0.154898 61
0 0.51942 0.432395 0.0678217 0.163026 13
0 0.573808 0.975202 0.0483019 0.0474397 69
0 0.332201 0.323766 0.057162 0.1291 56
0 0.316643 0.460401 0.0437402 0.118436 57
0 0.573614 0.983091 0.0358507 0.0331925 75
