0 0.0883609 0.75552 0.0778593 0.247011 156
0 0.0247833 0.794532 0.0495666 0.233415 1
0 0.597738 0.613189 0.0761511 0.254545 185
0 0.404629 0.337314 0.092777 0.20358 196
0 0.531581 0.618278 0.0702195 0.274769 150
0 0.367653 0.590462 0.0813008 0.222524 98
0 0.780794 0.560165 0.0466302 0.115935 218
0 0.43315 0.560948 0.0470724 0.25299 220
0 0.284596 0.496672 0.133891 0.157841 226
0 0.674071 0.516061 0.0730663 0.123772 212
0 0.257241 0.498767 0.136203 0.161411 207
0 0.471858 0.575378 0.0607023 0.230126 164
