0 0.0613392 0.529884 0.0450127 0.141622 1
0 0.455214 0.523611 0.0656224 0.105666 2
0 0.580679 0.715681 0.0650403 0.159608 3
0 0.425158 0.298224 0.0508179 0.0735082 4
0 0.391919 0.749609 0.0456824 0.139281 5
0 0.800097 0.367036 0.0406176 0.132476 6
0 0.312402 0.455527 0.0437916 0.125243 10
0 0.326569 0.199882 0.0319458 0.117449 14
0 0.403937 0.246636 0.0268678 0.122067 37
0 0.335509 0.314243 0.0362732 0.135694 47
0 0.307629 0.372544 0.0432854 0.106599 83
0 0.44443 0.423492 0.0499683 0.0993845 8
0 0.523807 0.2635 0.0502775 0.0717349 62
0 0.436776 0.36027 0.0573127 0.0860838 110
0 0.529977 0.451489 0.0535007 0.130226 7
0 0.535813 0.362254 0.0305845 0.0778494 115
