0 0.138579 0.50982 0.031977 0.135366 1
0 0.469566 0.514146 0.0300567 0.155869 2
0 0.565055 0.71693 0.0303868 0.161957 3
0 0.428683 0.341018 0.0344696 0.0850225 4
0 0.409011 0.73346 0.040546 0.16069 5
0 0.775292 0.409906 0.0337761 0.116065 6
0 0.534021 0.481399 0.0451926 0.125749 7
0 0.434205 0.453307 0.0351011 0.102877 8
0 0.427981 0.026751 0.0196468 0.0526642 9
0 0.318095 0.476295 0.0291728 0.121258 10
0 0.520667 0.336698 0.0830131 0.187304 11
0 0.444217 0.394824 0.0377952 0.0770533 12
0 0.319215 0.243321 0.0229163 0.121657 14
0 0.545262 0.0128637 0.0108957 0.0248334 15
0 0.220913 0.0240697 0.0296893 0.046566 28
0 0.335679 0.289298 0.0227362 0.120116 37
0 0.312495 0.404618 0.0228581 0.101894 38
