0 0.458468 0.476739 0.104765 0.459605 2
0 0.647107 0.610548 0.107221 0.43013 7
0 0.244752 0.497732 0.114652 0.466735 220
0 0.501498 0.176432 0.0876347 0.341988 47
0 0.170495 0.470935 0.0933946 0.439577 229
0 0.548451 0.523501 0.0911538 0.460361 250
0 0.129643 0.360939 0.10661 0.438601 288
0 0.556232 0.27822 0.0976188 0.224732 290
0 0.0469832 0.477269 0.0939665 0.446525 10
0 0.051545 0.270298 0.0802566 0.395367 296
0 0.376311 0.485635 0.188 0.395251 301
0 0.625476 0.343232 0.0909221 0.231609 285
0 0.618097 0.517136 0.0897976 0.391184 306
