0 0.138509 0.51763 0.0322907 0.138544 1
0 0.469561 0.517535 0.029743 0.151201 2
0 0.561749 0.717961 0.0310513 0.162275 3
0 0.429767 0.342683 0.0332695 0.0791599 4
0 0.416044 0.733609 0.039126 0.15894 5
0 0.774884 0.409214 0.035234 0.119798 6
0 0.536701 0.490418 0.0385263 0.106212 7
0 0.436138 0.454248 0.0354119 0.100082 8
0 0.427872 0.026104 0.0201192 0.051685 9
0 0.320669 0.472703 0.0319488 0.129683 10
0 0.518621 0.349026 0.0888035 0.210457 11
0 0.445383 0.390492 0.0327304 0.0651313 12
0 0.319284 0.246636 0.0223303 0.119413 14
0 0.54521 0.0127985 0.0109221 0.0244938 15
0 0.225703 0.023517 0.0289327 0.0467421 28
0 0.34006 0.287922 0.0225908 0.12018 37
0 0.0578855 0.0249557 0.0237534 0.0487428 44
