0 0.0265565 0.522401 0.0473768 0.134615 1
0 0.471263 0.503785 0.084734 0.149344 2
0 0.57604 0.731819 0.0629925 0.156729 3
0 0.436327 0.27986 0.0692513 0.0980598 4
0 0.319524 0.764995 0.049007 0.148423 5
0 0.807052 0.36029 0.0437036 0.142007 6
0 0.311728 0.184853 0.0332309 0.115457 14
0 0.404344 0.244237 0.0300544 0.108775 37
0 0.307445 0.386158 0.0462268 0.110538 83
0 0.521957 0.245366 0.0559779 0.0831565 62
0 0.555233 0.362198 0.0464614 0.122536 115
0 0.538701 0.458073 0.0543244 0.135238 105
0 0.316141 0.438222 0.051719 0.124883 10
0 0.449316 0.385384 0.0824246 0.170198 8
0 0.503598 0.272964 0.050049 0.099211 138
