0 0.0495501 0.554558 0.0409773 0.12814 1
0 0.456559 0.528423 0.0620983 0.10159 2
0 0.57686 0.71308 0.0616571 0.15325 3
0 0.427009 0.312078 0.0504384 0.072255 4
0 0.440413 0.746987 0.0461535 0.13054 5
0 0.787201 0.37828 0.0391515 0.126996 6
0 0.317726 0.463305 0.0427507 0.117519 10
0 0.309928 0.218702 0.0330317 0.109722 14
0 0.401694 0.264838 0.0278671 0.130734 37
0 0.334917 0.331485 0.0398885 0.122884 47
0 0.311232 0.386654 0.035194 0.0884315 83
0 0.444605 0.434248 0.0479451 0.0969036 8
0 0.437979 0.369919 0.0542419 0.0809507 12
0 0.521886 0.277464 0.0451423 0.0648838 62
0 0.465229 0.528326 0.0445473 0.10008 106
0 0.529894 0.459185 0.0443607 0.126654 105
