0 0.134802 0.562703 0.0316587 0.112653 1
0 0.444341 0.529376 0.0443524 0.120047 2
0 0.573571 0.712605 0.0475711 0.150099 3
0 0.429369 0.336235 0.0423891 0.0689183 4
0 0.446322 0.743744 0.0355816 0.132496 5
0 0.772776 0.398554 0.0369779 0.120321 6
0 0.528822 0.471265 0.0493854 0.126918 7
0 0.425304 0.0217212 0.0205013 0.0424072 9
0 0.32247 0.479672 0.0345822 0.110302 10
0 0.447436 0.386918 0.0387896 0.0652311 12
0 0.321018 0.247336 0.0250996 0.103455 14
0 0.373034 0.282224 0.0241724 0.120609 37
0 0.327358 0.364324 0.0265474 0.101871 47
0 0.462287 0.00782302 0.0108153 0.015646 65
0 0.293668 0.0121328 0.0210554 0.0235692 71
0 0.511482 0.335102 0.0475047 0.0792584 81
0 0.311951 0.412048 0.029152 0.0870934 83
0 0.440845 0.449995 0.042558 0.0909584 8
