0 0.459692 0.485174 0.105365 0.436822 2
0 0.638005 0.609186 0.108253 0.424729 7
0 0.224069 0.495508 0.120137 0.442804 220
0 0.477793 0.174854 0.0829879 0.308838 47
0 0.168727 0.476884 0.0901295 0.423577 229
0 0.545415 0.492381 0.103242 0.518273 250
0 0.133865 0.362087 0.117688 0.423334 288
0 0.558094 0.246302 0.0821726 0.202459 209
0 0.549343 0.290113 0.0851319 0.183224 290
0 0.049849 0.460034 0.0996981 0.407915 10
0 0.0809546 0.274419 0.0740941 0.366345 296
0 0.398995 0.513977 0.172547 0.332837 301
0 0.62104 0.359785 0.081395 0.202237 285
