0 0.129642 0.567262 0.0347759 0.120563 1
0 0.445778 0.531263 0.0439216 0.112028 2
0 0.57352 0.710793 0.0495566 0.149461 3
0 0.428867 0.334334 0.0428692 0.0680666 4
0 0.446412 0.74118 0.0371114 0.131573 5
0 0.772074 0.396264 0.0371749 0.120866 6
0 0.527976 0.470061 0.0487613 0.124898 7
0 0.425089 0.0204314 0.01986 0.0397586 9
0 0.322341 0.477261 0.0357518 0.11189 10
0 0.447037 0.384495 0.0395154 0.0656032 12
0 0.320265 0.245292 0.0262723 0.103956 14
0 0.376623 0.279934 0.0230765 0.119122 37
0 0.327871 0.363529 0.0273262 0.0970698 47
0 0.291838 0.0111422 0.019762 0.0216966 71
0 0.510885 0.327591 0.0517836 0.0855955 81
0 0.311577 0.410246 0.0269658 0.080542 83
0 0.441016 0.448599 0.0437567 0.0898421 8
