0 0.0552881 0.575491 0.040323 0.122723 1
0 0.456907 0.530326 0.0554253 0.0978272 2
0 0.573767 0.708481 0.057722 0.148477 3
0 0.428644 0.322462 0.0465512 0.0679157 4
0 0.445845 0.742536 0.0425493 0.125331 5
0 0.775598 0.386404 0.0374985 0.122535 6
0 0.52937 0.469912 0.0461015 0.109718 7
0 0.319157 0.468749 0.0384007 0.111789 10
0 0.315988 0.23236 0.0306244 0.104969 14
0 0.396787 0.273522 0.0239102 0.122575 37
0 0.325773 0.352229 0.0362264 0.097608 47
0 0.311199 0.403914 0.0321059 0.0848999 83
0 0.446643 0.439414 0.0495224 0.0941062 8
0 0.439171 0.380496 0.0516314 0.082068 12
0 0.5212 0.290232 0.0419879 0.0644547 62
