0 0.0434821 0.573453 0.0427264 0.128493 1
0 0.456713 0.5304 0.0582449 0.0981233 2
0 0.575162 0.710573 0.0594651 0.149793 3
0 0.428365 0.31868 0.0484123 0.0701672 4
0 0.444255 0.744583 0.0448188 0.126284 5
0 0.780437 0.384065 0.0378506 0.123155 6
0 0.529742 0.466683 0.0487414 0.114922 7
0 0.31972 0.466829 0.0401945 0.114283 10
0 0.313321 0.22732 0.0315466 0.105465 14
0 0.398719 0.272803 0.0249647 0.124458 37
0 0.327905 0.343853 0.0404421 0.111517 47
0 0.310504 0.393793 0.0338049 0.0830385 83
0 0.445544 0.438367 0.0479277 0.093986 8
0 0.438489 0.377424 0.0508824 0.0783169 12
0 0.522336 0.287189 0.0454414 0.0679055 62
