0 0.0291192 0.850124 0.0582385 0.260219 5
0 0.392552 0.59079 0.072379 0.220099 10
0 0.520999 0.623417 0.0674554 0.247686 2
0 0.257447 0.491622 0.0626157 0.147978 83
0 0.562162 0.598286 0.0746385 0.235363 7
0 0.33877 0.48162 0.0604545 0.190366 217
0 0.470566 0.571737 0.0463838 0.197984 220
0 0.385686 0.390138 0.067717 0.191999 47
0 0.171301 0.766682 0.0756561 0.218852 3
0 0.43515 0.410977 0.0482949 0.147345 37
0 0.507974 0.405325 0.0581044 0.138191 189
0 0.435152 0.581633 0.040481 0.193321 229
0 0.637743 0.539677 0.101085 0.101693 209
