0 0.144724 0.491532 0.0305577 0.128022 1
0 0.462478 0.500693 0.0310693 0.148327 2
0 0.578625 0.704532 0.0320771 0.167503 3
0 0.426761 0.337294 0.0375344 0.0963816 4
0 0.385125 0.723352 0.0438981 0.160046 5
0 0.77691 0.404536 0.0335381 0.121408 6
0 0.53306 0.481621 0.0452514 0.124082 7
0 0.428233 0.453151 0.034646 0.108523 8
0 0.424191 0.0280351 0.0191289 0.0537713 9
0 0.316343 0.486319 0.02395 0.106296 10
0 0.529422 0.287075 0.0444604 0.097279 11
0 0.442954 0.390154 0.040779 0.0852979 12
0 0.318632 0.239852 0.0230431 0.124543 14
0 0.54496 0.013493 0.0109935 0.0260614 15
