0 0.108714 0.560881 0.0376599 0.129013 1
0 0.45029 0.534102 0.0450805 0.0959001 2
0 0.572666 0.706351 0.0527145 0.146705 3
0 0.42934 0.32884 0.0450645 0.0692392 4
0 0.448152 0.73539 0.0394964 0.131249 5
0 0.771215 0.390684 0.0370849 0.121802 6
0 0.528921 0.473815 0.042793 0.106324 7
0 0.424743 0.0169612 0.0187668 0.0335944 9
0 0.32181 0.471091 0.036998 0.111521 10
0 0.445901 0.380306 0.038894 0.0629934 12
0 0.31956 0.239536 0.0277035 0.102432 14
0 0.387117 0.27512 0.0240551 0.118769 37
0 0.328017 0.359401 0.0308633 0.0942529 47
0 0.312353 0.405227 0.0266785 0.0768336 83
0 0.44191 0.442295 0.0481825 0.0912331 8
0 0.511952 0.375618 0.0610731 0.146537 93
