0 0.0438582 0.57161 0.0438415 0.133072 1
0 0.456863 0.529627 0.0600543 0.0996688 2
0 0.575906 0.711463 0.0603894 0.151318 3
0 0.427956 0.31728 0.0483808 0.0697263 4
0 0.443349 0.745442 0.0457535 0.127673 5
0 0.782365 0.382024 0.0384069 0.124886 6
0 0.532282 0.470937 0.0443174 0.104373 7
0 0.318937 0.466768 0.0411018 0.114942 10
0 0.312006 0.224952 0.0321091 0.106501 14
0 0.400333 0.269953 0.0252819 0.124066 37
0 0.330154 0.340042 0.0408248 0.116647 47
0 0.31059 0.390966 0.0349148 0.0836404 83
0 0.445791 0.437136 0.0478823 0.0949765 8
0 0.43836 0.374961 0.0513376 0.0775285 12
0 0.52199 0.284121 0.0448101 0.066901 62
