0 0.46095 0.483139 0.1051 0.449975 2
0 0.643341 0.610041 0.107052 0.425928 7
0 0.237044 0.496496 0.117405 0.458393 220
0 0.487544 0.18871 0.0908465 0.349785 47
0 0.170629 0.474066 0.089769 0.428466 229
0 0.545265 0.525278 0.0912656 0.462201 250
0 0.130003 0.361238 0.112133 0.432541 288
0 0.554526 0.280079 0.0906334 0.201196 290
0 0.0487296 0.471386 0.0974591 0.433317 10
0 0.0652012 0.272613 0.0771473 0.380895 296
0 0.382894 0.500881 0.182936 0.365951 301
0 0.623372 0.349589 0.084468 0.21112 285
0 0.622424 0.437338 0.0903814 0.389653 306
