0 0.250637 0.475658 0.0666518 0.19383 10
0 0.489515 0.525766 0.0858475 0.331447 2
0 0.0471404 0.553357 0.0942807 0.189599 83
0 0.618328 0.590577 0.0969282 0.332559 7
0 0.335659 0.494057 0.0741601 0.284084 220
0 0.447121 0.25095 0.0779567 0.296117 47
0 0.294056 0.489663 0.0680099 0.312124 229
0 0.701004 0.402067 0.144425 0.226188 209
0 0.120523 0.326025 0.0532609 0.256926 243
0 0.570875 0.548425 0.0730408 0.332201 250
0 0.957727 0.462807 0.0845458 0.212824 233
0 0.419613 0.549285 0.0625494 0.127292 189
0 0.640236 0.494677 0.138417 0.331624 254
