0 0.123239 0.56563 0.0376199 0.126683 1
0 0.447517 0.533518 0.0436136 0.103816 2
0 0.572827 0.709005 0.0507587 0.147426 3
0 0.428813 0.331829 0.044208 0.0690385 4
0 0.447295 0.738609 0.0385019 0.132447 5
0 0.771468 0.393692 0.037117 0.121017 6
0 0.5297 0.474624 0.0439354 0.112006 7
0 0.424758 0.0189335 0.0192386 0.0371644 9
0 0.321973 0.474618 0.0364197 0.112206 10
0 0.446536 0.383537 0.0395888 0.0649867 12
0 0.319926 0.242816 0.0269593 0.103512 14
0 0.381668 0.27779 0.0229871 0.118788 37
0 0.327882 0.362726 0.0285909 0.0949728 47
0 0.289686 0.0090504 0.0175635 0.017665 71
0 0.513068 0.333869 0.0757804 0.126508 81
0 0.311732 0.406166 0.0256835 0.0757676 83
0 0.441372 0.446153 0.0461038 0.0916818 8
0 0.512505 0.372688 0.0650146 0.157103 93
