0 0.466851 0.5171 0.0865279 0.34398 2
0 0.0386597 0.540683 0.0773194 0.17534 83
0 0.609799 0.598488 0.0958288 0.347112 7
0 0.299177 0.494674 0.091664 0.340043 220
0 0.448637 0.240399 0.0759435 0.309015 47
0 0.252344 0.464497 0.0773602 0.332893 229
0 0.692977 0.38232 0.154063 0.268083 209
0 0.134032 0.30922 0.0619182 0.286111 243
0 0.561006 0.547908 0.0764434 0.351949 250
0 0.961602 0.427439 0.0767968 0.250304 233
0 0.654428 0.536568 0.0405115 0.321071 275
0 0.518365 0.482122 0.0562089 0.307481 278
