0 0.0627154 0.540412 0.041861 0.128816 1
0 0.455846 0.525797 0.0640301 0.103582 2
0 0.578792 0.714478 0.0635803 0.156565 3
0 0.426677 0.306353 0.0511196 0.0733012 4
0 0.420621 0.747453 0.0479727 0.14206 5
0 0.793697 0.371981 0.0401828 0.12974 6
0 0.315369 0.458395 0.0438472 0.12314 10
0 0.3191 0.2064 0.0358091 0.118659 14
0 0.40518 0.254335 0.0262831 0.121226 37
0 0.337793 0.321706 0.0381827 0.132028 47
0 0.310556 0.37674 0.0379647 0.0931328 83
0 0.439772 0.428258 0.0526845 0.100144 8
0 0.52291 0.270201 0.0499343 0.0705301 62
0 0.43675 0.363815 0.0568424 0.0835851 110
0 0.530241 0.449164 0.0574114 0.141674 7
0 0.528005 0.37019 0.0498659 0.125933 115
