0 0.136453 0.558254 0.031309 0.118551 1
0 0.443595 0.527229 0.0437781 0.125447 2
0 0.573422 0.716143 0.0440767 0.148323 3
0 0.430949 0.338042 0.0415449 0.0693576 4
0 0.446482 0.744858 0.0339242 0.134948 5
0 0.772973 0.400943 0.0371037 0.120654 6
0 0.530784 0.482771 0.0421168 0.108009 7
0 0.425825 0.0228237 0.0207967 0.0443089 9
0 0.322731 0.482105 0.0337318 0.110754 10
0 0.447376 0.389399 0.0369856 0.0632403 12
0 0.320967 0.2489 0.0241793 0.104923 14
0 0.542091 0.00896345 0.00965688 0.0179269 15
0 0.371219 0.283757 0.0245493 0.121354 37
0 0.325289 0.370306 0.0292403 0.121819 47
0 0.149951 0.0179719 0.013278 0.0350454 49
0 0.528737 0.298188 0.0357091 0.0733509 62
0 0.462922 0.00900754 0.0118243 0.0178711 65
0 0.288753 0.0134715 0.0236823 0.0266004 71
0 0.441875 0.427717 0.0526315 0.141307 79
0 0.0137659 0.0213598 0.0246885 0.0410517 80
0 0.512144 0.337156 0.0491257 0.0827299 81
0 0.31399 0.410247 0.0304425 0.0907034 83
