0 0.0595263 0.544354 0.0412531 0.128652 1
0 0.456124 0.526222 0.0637043 0.103502 2
0 0.578261 0.713465 0.0627791 0.154759 3
0 0.427032 0.307584 0.0505891 0.071922 4
0 0.429276 0.744653 0.0473904 0.142743 5
0 0.791454 0.373778 0.0397003 0.128119 6
0 0.31673 0.460037 0.0435523 0.120962 10
0 0.313509 0.208573 0.0356979 0.115057 14
0 0.405004 0.255638 0.0260304 0.120422 37
0 0.337609 0.323257 0.039007 0.130236 47
0 0.311578 0.378919 0.0347714 0.0866062 83
0 0.439411 0.429382 0.0513986 0.0994929 8
0 0.52281 0.271923 0.0484079 0.0682106 62
0 0.437406 0.365994 0.0556471 0.0814363 110
0 0.530299 0.453291 0.0545276 0.133895 7
0 0.527659 0.373446 0.0510546 0.128629 115
