0 0.136014 0.535835 0.0329292 0.134862 1
0 0.456403 0.522801 0.0341888 0.140115 2
0 0.563011 0.718346 0.0319538 0.159364 3
0 0.433335 0.344672 0.0335753 0.068191 4
0 0.435603 0.737326 0.0369418 0.158543 5
0 0.774091 0.405728 0.0365942 0.121712 6
0 0.530202 0.47438 0.0509172 0.13655 7
0 0.441239 0.455988 0.0375744 0.0940069 8
0 0.428401 0.0247745 0.0208955 0.0494309 9
0 0.323305 0.482496 0.0311012 0.120364 10
0 0.445834 0.391379 0.0355791 0.0683976 12
0 0.318092 0.24837 0.022128 0.116366 14
0 0.544447 0.0116309 0.0105745 0.0225979 15
0 0.354373 0.286644 0.0241719 0.118008 37
0 0.0402353 0.0239295 0.0236348 0.0460816 44
0 0.31909 0.365142 0.0322721 0.159069 47
0 0.15314 0.0194521 0.0137751 0.0386528 49
0 0.532403 0.300104 0.0361978 0.0766742 62
0 0.236393 0.0211412 0.0256466 0.041814 28
