0 0.0527058 0.552222 0.0417869 0.131687 1
0 0.456443 0.527478 0.0628093 0.102597 2
0 0.57746 0.71297 0.0619502 0.15359 3
0 0.425823 0.310406 0.0507227 0.0719906 4
0 0.439458 0.746831 0.0469356 0.135451 5
0 0.788529 0.377308 0.0392458 0.12712 6
0 0.317688 0.46255 0.0428208 0.117954 10
0 0.309739 0.216202 0.0334296 0.110122 14
0 0.403847 0.256335 0.0255287 0.118164 37
0 0.335962 0.329361 0.0396077 0.125243 47
0 0.310062 0.385531 0.0329665 0.0834206 83
0 0.443135 0.432395 0.0482958 0.0971982 8
0 0.522044 0.275882 0.0466458 0.0663623 62
0 0.465186 0.526984 0.0448663 0.10085 106
0 0.531602 0.457608 0.0528229 0.127332 7
