0 0.0178588 0.73182 0.0348041 0.148209 5
0 0.360668 0.579842 0.0811068 0.232588 10
0 0.535442 0.611748 0.0666597 0.272856 2
0 0.195857 0.509173 0.0898669 0.161044 83
0 0.593683 0.61441 0.0840878 0.262975 7
0 0.47021 0.564619 0.0656294 0.261904 220
0 0.41815 0.3307 0.0646073 0.202511 47
0 0.0542891 0.753173 0.0842836 0.254554 3
0 0.422127 0.551991 0.0564635 0.263432 229
0 0.688076 0.51135 0.109024 0.130922 209
0 0.806833 0.554656 0.0507227 0.108446 233
0 0.267243 0.490195 0.0923665 0.146284 62
0 0.482017 0.428958 0.0713914 0.168847 189
