0 0.0257373 0.830128 0.0514746 0.246768 5
0 0.387172 0.600021 0.0720408 0.219643 10
0 0.528497 0.612341 0.0799404 0.297063 2
0 0.237164 0.505776 0.0665917 0.130729 83
0 0.573673 0.610887 0.0737214 0.240809 7
0 0.477379 0.555509 0.0431585 0.175749 220
0 0.398277 0.380307 0.0781124 0.213572 47
0 0.133991 0.769216 0.0768965 0.233844 3
0 0.455192 0.410572 0.0429836 0.121558 37
0 0.494418 0.420549 0.058864 0.141132 189
0 0.438569 0.582354 0.0460599 0.221492 229
0 0.653049 0.534057 0.110322 0.1188 209
0 0.743895 0.542092 0.0465218 0.101618 233
0 0.322348 0.492567 0.0869269 0.167789 62
