0 0.0505691 0.553498 0.0411884 0.12978 1
0 0.456555 0.527996 0.062377 0.101955 2
0 0.577119 0.713051 0.0617967 0.153406 3
0 0.426706 0.310971 0.0503871 0.0720158 4
0 0.439768 0.746683 0.0469897 0.134111 5
0 0.787806 0.377978 0.0392242 0.127171 6
0 0.317614 0.462823 0.0429153 0.117973 10
0 0.309808 0.217515 0.0331519 0.109774 14
0 0.402947 0.259007 0.0260344 0.121079 37
0 0.335745 0.3311 0.0394389 0.123194 47
0 0.310519 0.386387 0.0337039 0.0850032 83
0 0.443531 0.433107 0.0481882 0.0971811 8
0 0.438425 0.392603 0.0819669 0.127671 12
0 0.521867 0.276671 0.0457798 0.0653952 62
0 0.465158 0.527714 0.0446085 0.100227 106
0 0.53034 0.459904 0.0437416 0.123901 105
