0 0.0621212 0.538333 0.0427759 0.13239 1
0 0.455666 0.525078 0.0646192 0.104474 2
0 0.579132 0.714563 0.0639242 0.157314 3
0 0.426401 0.304141 0.0515699 0.0743421 4
0 0.416694 0.748849 0.0486404 0.141874 5
0 0.795178 0.370762 0.0402923 0.130218 6
0 0.314287 0.457599 0.0438828 0.123758 10
0 0.321581 0.205201 0.0349815 0.118076 14
0 0.404978 0.252215 0.0262534 0.121021 37
0 0.337757 0.319312 0.0379096 0.134075 47
0 0.310248 0.374373 0.0393909 0.0963931 83
0 0.44276 0.427322 0.0523033 0.10017 8
0 0.523205 0.268325 0.0503781 0.0715182 62
0 0.436803 0.362468 0.0582831 0.0862911 110
0 0.529364 0.446455 0.0580454 0.14485 7
0 0.530469 0.370054 0.0463184 0.117588 115
0 0.532883 0.462195 0.042329 0.114216 105
