0 0.0976688 0.561753 0.0384149 0.127634 1
0 0.452151 0.533613 0.0470905 0.0935516 2
0 0.572784 0.705833 0.0536618 0.146205 3
0 0.42904 0.327138 0.0446973 0.0676295 4
0 0.447856 0.735466 0.0398233 0.130215 5
0 0.771429 0.388996 0.0369035 0.121411 6
0 0.528718 0.472667 0.0433904 0.105681 7
0 0.424659 0.0162175 0.0188651 0.032222 9
0 0.321716 0.469818 0.0372856 0.111453 10
0 0.319312 0.237684 0.0284046 0.103003 14
0 0.388005 0.273502 0.0245479 0.119107 37
0 0.327884 0.356599 0.0322671 0.0945208 47
0 0.311606 0.403947 0.0260493 0.0734927 83
0 0.442029 0.44099 0.0494173 0.0915885 8
0 0.511142 0.374681 0.0624331 0.148346 93
0 0.526782 0.45239 0.0507452 0.147457 95
