0 0.136581 0.551438 0.0318671 0.12557 1
0 0.443798 0.526381 0.0421811 0.128505 2
0 0.573698 0.718225 0.0405455 0.149568 3
0 0.432555 0.337437 0.0406712 0.0706785 4
0 0.444007 0.743526 0.0331503 0.141822 5
0 0.772998 0.403376 0.0371 0.120496 6
0 0.532983 0.483419 0.0422164 0.110292 7
0 0.4409 0.452953 0.0421529 0.0933973 8
0 0.426651 0.0232852 0.0209495 0.0460251 9
0 0.323189 0.48303 0.0332135 0.112896 10
0 0.447453 0.388961 0.0364177 0.06392 12
0 0.32106 0.24995 0.0230429 0.105939 14
0 0.54278 0.0099156 0.0101348 0.0198312 15
0 0.368746 0.284665 0.024475 0.122098 37
0 0.321523 0.379389 0.0344512 0.152969 47
0 0.149179 0.019224 0.0141114 0.0378924 49
0 0.529734 0.294699 0.0362449 0.075044 62
0 0.237126 0.0209544 0.0255513 0.0403948 28
0 0.463412 0.0105484 0.0130658 0.0203925 65
0 0.29209 0.0145846 0.0261828 0.0291692 71
