0 0.0736477 0.568915 0.0369574 0.11695 1
0 0.457431 0.53012 0.0522535 0.0966221 2
0 0.573314 0.705991 0.0562998 0.147859 3
0 0.428838 0.324277 0.0463328 0.0685977 4
0 0.446626 0.739426 0.0404097 0.124534 5
0 0.773149 0.387741 0.0371783 0.122161 6
0 0.529832 0.470496 0.0452851 0.108502 7
0 0.320656 0.468647 0.0383922 0.11276 10
0 0.317324 0.234962 0.0297826 0.104443 14
0 0.39422 0.272992 0.0241844 0.121162 37
0 0.326407 0.352581 0.0354373 0.098945 47
0 0.312121 0.404967 0.0314175 0.0848278 83
0 0.444315 0.437824 0.0506557 0.0925284 8
0 0.519972 0.420513 0.0416052 0.120258 95
0 0.439094 0.381605 0.051379 0.0818552 12
0 0.520932 0.291971 0.0380424 0.0631605 62
