0 0.450554 0.497173 0.0922383 0.373884 2
0 0.615708 0.607593 0.101519 0.385859 7
0 0.236602 0.482882 0.107364 0.3858 220
0 0.455851 0.195788 0.069207 0.294292 47
0 0.181085 0.463612 0.0804147 0.350083 229
0 0.537385 0.535056 0.082981 0.386531 250
0 0.668382 0.556221 0.125627 0.373552 254
0 0.129513 0.398747 0.136996 0.417314 283
0 0.611605 0.364604 0.0590858 0.139697 285
0 0.193944 0.262146 0.0556636 0.164448 288
0 0.417067 0.575453 0.109869 0.101503 289
0 0.629927 0.298785 0.103344 0.220185 209
0 0.542884 0.346861 0.07618 0.156239 290
