0 0.043336 0.572312 0.0435837 0.131963 1
0 0.456936 0.529632 0.0590284 0.0983973 2
0 0.575563 0.71138 0.0601153 0.150916 3
0 0.428416 0.317704 0.0478201 0.0690871 4
0 0.443874 0.743688 0.0464407 0.129727 5
0 0.781821 0.38276 0.0384605 0.125155 6
0 0.52994 0.467279 0.0479593 0.112854 7
0 0.319335 0.466742 0.0409429 0.115116 10
0 0.312287 0.226515 0.0315915 0.104742 14
0 0.39976 0.272059 0.0254658 0.125775 37
0 0.32945 0.341407 0.0407742 0.115129 47
0 0.310339 0.391682 0.0337986 0.0813554 83
0 0.445253 0.437758 0.0478778 0.0945184 8
0 0.438213 0.376036 0.0507413 0.0770288 12
0 0.522105 0.287717 0.0477445 0.0719998 62
