0 0.064194 0.572344 0.0390991 0.120678 1
0 0.456856 0.53041 0.0539575 0.0972903 2
0 0.573578 0.706624 0.0570099 0.148191 3
0 0.428816 0.323456 0.0463678 0.0682153 4
0 0.446364 0.74057 0.0415348 0.124479 5
0 0.773992 0.387257 0.0373089 0.122161 6
0 0.529751 0.470573 0.0452861 0.108228 7
0 0.320326 0.468636 0.0385168 0.112353 10
0 0.316683 0.234288 0.0301794 0.104533 14
0 0.395258 0.27332 0.0239713 0.121906 37
0 0.326004 0.352094 0.0355436 0.0974254 47
0 0.31178 0.405599 0.0321846 0.0862279 83
0 0.446447 0.438672 0.0502771 0.0937739 8
0 0.519944 0.421894 0.041228 0.119423 95
0 0.438892 0.381748 0.0516803 0.0826372 12
0 0.520994 0.290867 0.0399549 0.0630952 62
