0 0.0131786 0.721723 0.0263573 0.133467 5
0 0.364858 0.569794 0.084803 0.245178 10
0 0.540803 0.610846 0.067511 0.264312 2
0 0.186125 0.499878 0.0971278 0.175722 83
0 0.58108 0.611988 0.0915178 0.266329 7
0 0.465346 0.571691 0.0639363 0.245408 220
0 0.428107 0.327561 0.066205 0.210808 47
0 0.0427286 0.745275 0.0825303 0.262024 3
0 0.420028 0.572189 0.0466326 0.215701 229
0 0.694035 0.506634 0.109945 0.134002 209
0 0.822847 0.552592 0.0503466 0.105239 233
0 0.253235 0.486321 0.0906969 0.146316 62
0 0.486307 0.434557 0.073312 0.169953 189
