0 0.0430852 0.524575 0.0430146 0.124098 1
0 0.453836 0.522532 0.0672041 0.108758 2
0 0.582721 0.718769 0.0665249 0.164833 3
0 0.42333 0.294594 0.0535994 0.0775185 4
0 0.361948 0.750393 0.0420013 0.136232 5
0 0.806341 0.36355 0.0416448 0.13571 6
0 0.308818 0.453827 0.0438918 0.126375 10
0 0.325257 0.193832 0.030622 0.119486 14
0 0.403184 0.240087 0.0281365 0.124086 37
0 0.333183 0.31357 0.0360625 0.131946 47
0 0.303882 0.36979 0.0421623 0.102971 83
0 0.443694 0.423723 0.0497358 0.100664 8
0 0.52477 0.257908 0.0496053 0.0704476 62
0 0.435469 0.356953 0.0580101 0.08569 110
0 0.533531 0.456688 0.0499108 0.118734 7
0 0.530287 0.374658 0.0437209 0.109205 115
0 0.575521 0.980935 0.0272666 0.0381301 127
0 0.51059 0.304501 0.0577545 0.0775172 128
