0 0.458653 0.480459 0.105093 0.456327 2
0 0.643806 0.610387 0.107289 0.428253 7
0 0.239335 0.497088 0.116249 0.463779 220
0 0.493378 0.186538 0.0899849 0.350784 47
0 0.170648 0.473378 0.0909743 0.432045 229
0 0.547789 0.525245 0.0908958 0.460429 250
0 0.129199 0.360808 0.109124 0.435568 288
0 0.556856 0.279252 0.0946573 0.214189 290
0 0.0478067 0.47516 0.0956134 0.440867 10
0 0.0579211 0.27432 0.0798329 0.394475 296
0 0.380365 0.492479 0.184353 0.377462 301
0 0.625476 0.340567 0.0836118 0.209928 285
0 0.623781 0.43977 0.0947225 0.409615 306
