0 0.138079 0.508026 0.0314921 0.13172 1
0 0.468274 0.511423 0.0303828 0.157534 2
0 0.568603 0.716682 0.0302603 0.162938 3
0 0.428516 0.340222 0.0350072 0.0873239 4
0 0.407381 0.731923 0.0407205 0.160926 5
0 0.775679 0.409044 0.0325547 0.112479 6
0 0.531996 0.469941 0.0531997 0.149093 7
0 0.434314 0.452381 0.0353401 0.105097 8
0 0.427721 0.0269968 0.0194319 0.0530232 9
0 0.317141 0.478349 0.0274772 0.115438 10
0 0.522556 0.327464 0.0767759 0.169433 11
0 0.443718 0.39312 0.036278 0.0737124 12
0 0.31936 0.243024 0.0224612 0.118663 14
0 0.545227 0.0129512 0.0109137 0.0250642 15
0 0.217807 0.0242456 0.0300888 0.0469093 28
0 0.335118 0.290794 0.0224403 0.118321 37
