0 0.061733 0.531493 0.0447218 0.14108 1
0 0.455083 0.523608 0.065655 0.105891 2
0 0.58042 0.715326 0.0647789 0.15892 3
0 0.42531 0.299222 0.0514932 0.0745781 4
0 0.395332 0.749341 0.046583 0.140291 5
0 0.799286 0.367412 0.0406634 0.132465 6
0 0.312789 0.455779 0.0437882 0.124988 10
0 0.326418 0.200339 0.0323605 0.117222 14
0 0.404093 0.247004 0.0266784 0.121536 37
0 0.335844 0.314451 0.0366257 0.136302 47
0 0.308095 0.370689 0.0416499 0.101843 83
0 0.44443 0.424914 0.0507154 0.100667 8
0 0.523888 0.263433 0.0495725 0.0706831 62
0 0.436622 0.360466 0.0576416 0.0864244 110
0 0.52999 0.451713 0.0531234 0.130047 7
0 0.534965 0.364401 0.0343034 0.0883239 115
