0 0.338757 0.52922 0.0765466 0.239013 10
0 0.522859 0.601064 0.0746033 0.277446 2
0 0.164561 0.489013 0.09209 0.17433 83
0 0.611769 0.609227 0.100298 0.280986 7
0 0.454178 0.524879 0.0790331 0.294731 220
0 0.442707 0.301771 0.0728348 0.24002 47
0 0.022914 0.718759 0.0458281 0.260942 3
0 0.392458 0.533215 0.0545767 0.252577 229
0 0.707606 0.490017 0.117258 0.151175 209
0 0.0367068 0.409564 0.0358219 0.207967 243
0 0.582496 0.566772 0.0675323 0.288079 250
0 0.486755 0.490039 0.0580464 0.169285 37
