0 0.448567 0.496808 0.0939999 0.378024 2
0 0.616917 0.610593 0.100657 0.38694 7
0 0.227259 0.482974 0.109312 0.39372 220
0 0.456265 0.188842 0.0683274 0.287165 47
0 0.175058 0.463116 0.0821328 0.356799 229
0 0.536254 0.532806 0.0838207 0.386742 250
0 0.666783 0.557518 0.122906 0.379359 254
0 0.61155 0.371381 0.0692818 0.164745 285
0 0.183623 0.269855 0.0649922 0.192994 288
0 0.413854 0.565763 0.135698 0.126579 289
0 0.623044 0.290733 0.0981094 0.214137 209
0 0.543341 0.334381 0.0738654 0.151364 290
0 0.122929 0.389861 0.134948 0.432765 10
