0 0.0485943 0.521859 0.0427296 0.129278 1
0 0.454726 0.523228 0.0663166 0.106347 2
0 0.582186 0.717682 0.0661196 0.163166 3
0 0.42398 0.294723 0.0528239 0.0764774 4
0 0.373538 0.750046 0.0414569 0.135043 5
0 0.804497 0.364522 0.0411683 0.133704 6
0 0.309781 0.454067 0.0438901 0.125855 10
0 0.326393 0.195473 0.0306641 0.118508 14
0 0.403164 0.242285 0.0277844 0.124421 37
0 0.334016 0.313796 0.03581 0.133084 47
0 0.305052 0.368026 0.040316 0.0980072 83
0 0.443385 0.424053 0.0501472 0.101661 8
0 0.524401 0.259062 0.0495786 0.0709047 62
0 0.435906 0.357114 0.0580737 0.0867738 110
0 0.532882 0.452696 0.0522532 0.126943 7
0 0.533298 0.371421 0.043028 0.109512 115
