0 0.0788661 0.753757 0.078656 0.253007 156
0 0.0234755 0.759675 0.0435884 0.186125 1
0 0.59747 0.615606 0.0776107 0.258066 185
0 0.413318 0.329932 0.08647 0.198695 196
0 0.364648 0.585374 0.0813325 0.222315 98
0 0.793526 0.560036 0.0482756 0.119053 218
0 0.423355 0.551521 0.0471317 0.250615 220
0 0.27782 0.496666 0.133879 0.15805 226
0 0.489165 0.430635 0.088662 0.172025 229
0 0.681798 0.511135 0.07449 0.124868 212
0 0.252546 0.498754 0.141333 0.165375 207
0 0.468946 0.57893 0.0622327 0.228231 164
