0 0.793479 0.359226 0.0323377 0.0851671 2
0 0.554885 0.734494 0.0651141 0.147332 5
0 0.286888 0.763014 0.0514368 0.15948 1
0 0.292496 0.187275 0.0351769 0.104892 50
56 0.633526 0.582529 0.051762 0.088428 85
0 0.507958 0.458752 0.08526 0.201596 24
0 0.446544 0.379069 0.0839952 0.185185 114
0 0.563248 0.36314 0.0463423 0.149296 204
0 0.412283 0.250917 0.0350938 0.115391 44
0 0.319319 0.356671 0.0693428 0.196251 226
0 0.335531 0.437417 0.0615469 0.132624 198
0 0.44578 0.276388 0.0615616 0.0877613 119
