0 0.797695 0.369005 0.0394802 0.129138 2
0 0.580145 0.714806 0.063808 0.156966 5
0 0.409565 0.749141 0.0478005 0.142243 1
0 0.405117 0.253274 0.0273464 0.127642 44
0 0.323769 0.202176 0.034785 0.11557 50
0 0.463896 0.521698 0.0428903 0.0910255 101
0 0.439002 0.397871 0.0578699 0.153274 114
0 0.526063 0.432997 0.0675606 0.163298 24
56 0.638523 0.581132 0.0496281 0.0871503 85
0 0.313531 0.456545 0.044559 0.121857 106
0 0.574983 0.977547 0.0413699 0.0441781 128
0 0.0615771 0.535687 0.0428671 0.132831 31
