0 0.801985 0.364923 0.039715 0.130908 2
0 0.581935 0.7177 0.0657165 0.163022 5
0 0.382335 0.750579 0.0427244 0.13831 1
0 0.404013 0.248437 0.0289404 0.133111 44
0 0.326437 0.197338 0.0303139 0.113683 50
0 0.464313 0.521423 0.0438245 0.0928468 101
0 0.439354 0.398693 0.0608267 0.15369 114
0 0.528452 0.43373 0.0628191 0.155078 24
56 0.641648 0.579982 0.05043 0.0877304 85
0 0.310902 0.452703 0.0468481 0.127588 106
0 0.575585 0.978574 0.0355689 0.0413318 128
0 0.424633 0.295318 0.0508959 0.0706554 119
32 0.764652 0.425512 0.00945586 0.0168119 104
0 0.0557857 0.521631 0.0414523 0.130803 31
