0 0.806859 0.36328 0.0404525 0.132707 2
0 0.582806 0.71973 0.0649863 0.163765 5
0 0.36096 0.750561 0.042453 0.137621 1
0 0.403323 0.242045 0.0284706 0.127043 44
0 0.325188 0.196234 0.0290124 0.111677 50
0 0.462049 0.520439 0.0472941 0.0983161 101
0 0.436852 0.396397 0.062477 0.15342 114
56 0.644282 0.580525 0.0510281 0.088116 85
0 0.308778 0.453444 0.0467579 0.127827 106
0 0.578203 0.980646 0.0278376 0.0354735 128
0 0.0429732 0.523943 0.0447483 0.128507 31
0 0.33292 0.311797 0.0461591 0.128106 105
32 0.00471262 0.46291 0.00942524 0.021491 172
