0 0.808797 0.361352 0.0410291 0.134981 2
0 0.580308 0.722686 0.0647987 0.165301 5
0 0.332782 0.760236 0.0448962 0.138574 1
0 0.319577 0.185852 0.0319623 0.118243 50
56 0.645902 0.581903 0.0516302 0.0886359 85
18 0.0303622 0.527663 0.043214 0.121332 31
0 0.539409 0.452208 0.0568861 0.138792 24
32 0.772003 0.422843 0.00950574 0.017553 104
32 0.72956 0.425992 0.00857979 0.0166686 186
0 0.333276 0.289191 0.0287726 0.0719495 105
0 0.448733 0.38572 0.0698143 0.170695 114
0 0.402634 0.244616 0.0304198 0.122592 44
56 0.587632 0.595284 0.0553147 0.0701078 166
