0 0.792412 0.372618 0.0386064 0.126591 2
0 0.578314 0.713587 0.0628228 0.154578 5
0 0.427844 0.743943 0.0460863 0.144147 1
0 0.406228 0.256 0.0259655 0.120852 44
0 0.31456 0.206693 0.0364252 0.112667 50
0 0.0611287 0.543368 0.0403798 0.123046 31
0 0.464179 0.524445 0.0419131 0.0888195 101
0 0.439859 0.399172 0.0570786 0.156367 114
0 0.51763 0.431718 0.0691635 0.163839 24
56 0.637004 0.581592 0.049139 0.0863299 85
0 0.330905 0.323856 0.0566989 0.129848 105
0 0.316366 0.460137 0.0439266 0.118722 106
0 0.573653 0.977409 0.0465099 0.0432947 137
0 0.312961 0.219517 0.0327342 0.0869798 139
