0 0.790291 0.375017 0.038195 0.125391 2
0 0.57784 0.713158 0.0619934 0.153141 5
0 0.4359 0.742396 0.0461013 0.145748 1
0 0.405847 0.256668 0.0260391 0.121392 44
0 0.310681 0.211881 0.0356794 0.109557 50
0 0.0562259 0.549069 0.0417218 0.130356 31
0 0.463978 0.52554 0.0410607 0.0875151 101
0 0.439046 0.40283 0.0529123 0.147372 114
0 0.524147 0.434423 0.0655207 0.159942 24
56 0.636287 0.581437 0.0478803 0.0840027 85
0 0.573838 0.976886 0.045944 0.0442026 128
0 0.33391 0.324261 0.0588383 0.126399 105
0 0.317076 0.461658 0.0432408 0.117225 106
