0 0.77694 0.401692 0.0274118 0.101452 2
2 0.371658 0.881358 0.114781 0.127735 4
0 0.578968 0.693588 0.0375958 0.207924 5
16 0.42655 0.340965 0.0355455 0.0884032 6
0 0.43499 0.432732 0.0457689 0.153983 7
32 0.705159 0.466164 0.00833618 0.0162867 8
0 0.139598 0.497568 0.0318035 0.132635 10
32 0.570051 0.350867 0.00684284 0.0146713 14
0 0.575735 0.694636 0.0444305 0.205305 27
0 0.398831 0.724363 0.0399826 0.159377 1
0 0.466094 0.508462 0.0292009 0.130463 3
0 0.534306 0.477541 0.0533697 0.135751 24
