0 0.805644 0.364132 0.0401379 0.131732 2
0 0.582429 0.719478 0.0652527 0.163579 5
14 0.370259 0.749508 0.0404156 0.133825 1
0 0.403644 0.244683 0.0288089 0.130404 44
0 0.325903 0.196374 0.0299106 0.115549 50
0 0.463828 0.520431 0.0455808 0.0963434 101
0 0.437796 0.396608 0.0623959 0.154062 114
56 0.643626 0.580238 0.0506528 0.0875422 85
0 0.309185 0.453804 0.0469209 0.1281 106
0 0.577604 0.979966 0.0297251 0.0364225 128
0 0.0465648 0.521736 0.0434609 0.129225 31
0 0.333104 0.31122 0.0495555 0.128207 105
