0 0.808233 0.362922 0.0403534 0.133046 2
0 0.583386 0.720299 0.0647789 0.163964 5
14 0.352604 0.749956 0.0424259 0.134857 1
0 0.402709 0.239781 0.0288838 0.125138 44
0 0.324419 0.193492 0.0300299 0.114035 50
0 0.457053 0.522087 0.0497481 0.0996654 101
0 0.43645 0.396063 0.0630426 0.153851 114
56 0.645203 0.580274 0.0504324 0.0868662 85
0 0.309152 0.452731 0.046811 0.129047 106
0 0.579089 0.981948 0.0254928 0.0343553 128
0 0.0359399 0.521766 0.0463979 0.132408 31
32 0.00377421 0.462166 0.00754842 0.0207904 172
0 0.353614 0.749699 0.0453558 0.13557 175
0 0.532978 0.447829 0.05215 0.127678 24
32 0.76893 0.424136 0.00911693 0.0163688 104
