0 0.628682 0.609042 0.0813383 0.282279 400
0 0.443342 0.29909 0.0685809 0.234336 258
0 0.707869 0.488592 0.0926133 0.150716 432
0 0.180141 0.48375 0.136365 0.175685 427
0 0.529115 0.599447 0.0847141 0.280672 307
0 0.0364124 0.40798 0.0362616 0.206165 466
0 0.600428 0.42343 0.0558985 0.0964509 472
0 0.584798 0.581076 0.0697755 0.294488 477
0 0.434892 0.550009 0.0750415 0.241974 359
0 0.334994 0.518954 0.0952702 0.219287 106
0 0.862177 0.552064 0.0530083 0.12347 438
0 0.0157727 0.715561 0.0315453 0.261902 459
