0 0.804012 0.364774 0.0397289 0.130863 2
0 0.582029 0.718826 0.065628 0.163644 5
14 0.376123 0.749399 0.0409734 0.134722 1
0 0.403772 0.246621 0.0287935 0.131351 44
0 0.326484 0.197094 0.0305668 0.11678 50
0 0.464168 0.521062 0.0442772 0.0935345 101
0 0.439424 0.397851 0.0618176 0.153885 114
56 0.642719 0.580081 0.0502531 0.0870984 85
0 0.309783 0.452969 0.0468713 0.127699 106
0 0.576573 0.978862 0.0337183 0.039918 128
56 0.585594 0.59147 0.0530734 0.0664226 166
0 0.0517557 0.517951 0.0431985 0.133477 31
