0 0.786165 0.377361 0.0378643 0.125066 2
0 0.57706 0.713547 0.0606262 0.150804 5
0 0.441187 0.744138 0.0435875 0.13072 1
0 0.401599 0.264468 0.0271002 0.129961 44
0 0.310902 0.21794 0.0330375 0.104479 50
0 0.0483676 0.556889 0.0416349 0.129814 31
0 0.464391 0.525813 0.0403876 0.0868354 101
0 0.442616 0.406894 0.0508608 0.145508 114
0 0.517315 0.431924 0.0661699 0.16544 24
0 0.323782 0.341257 0.0613885 0.144949 117
0 0.429591 0.312639 0.0502456 0.067479 119
56 0.633948 0.582142 0.046192 0.0809818 85
32 0.7111 0.438237 0.00733624 0.0152718 102
0 0.317989 0.462895 0.0432498 0.117382 106
