0 0.80769 0.359575 0.0425465 0.139124 2
0 0.575378 0.730785 0.061267 0.154276 5
0 0.319501 0.764489 0.0495176 0.148153 1
0 0.310886 0.184983 0.0333579 0.115136 50
56 0.644458 0.58229 0.0517741 0.0887829 85
0 0.0278053 0.523251 0.0483204 0.135072 31
0 0.53838 0.456439 0.0547573 0.132742 24
32 0.770146 0.423304 0.00950458 0.0175545 104
0 0.44874 0.389215 0.0678548 0.160493 114
0 0.316429 0.38294 0.082187 0.18013 198
0 0.556053 0.361509 0.0372748 0.120819 204
0 0.400918 0.248199 0.0328078 0.116273 44
56 0.586025 0.59665 0.0555016 0.0706946 166
0 0.436937 0.278327 0.0726188 0.0974017 119
0 0.470858 0.504899 0.0709374 0.145095 101
