0 0.809558 0.362337 0.0406197 0.133492 2
0 0.583513 0.721088 0.0651016 0.165029 5
0 0.347321 0.749954 0.042796 0.137264 1
0 0.40287 0.239423 0.029841 0.127306 44
0 0.324098 0.189993 0.0312488 0.1188 50
0 0.461357 0.522019 0.0487734 0.0982145 101
0 0.441486 0.396051 0.0639932 0.156451 114
56 0.645594 0.580927 0.0508791 0.0875807 85
0 0.31029 0.451544 0.0463029 0.128364 106
0 0.579207 0.982917 0.0228786 0.0321806 128
0 0.0338592 0.519936 0.0474479 0.135185 31
0 0.532959 0.445426 0.0566682 0.138524 24
32 0.770497 0.423815 0.00926175 0.0169857 104
0 0.424521 0.291616 0.0512044 0.0706855 119
