0 0.808065 0.360419 0.0415206 0.136886 2
0 0.577233 0.725199 0.0635372 0.161806 5
0 0.326126 0.762944 0.0472028 0.143071 1
0 0.315887 0.185278 0.0323722 0.116247 50
56 0.645546 0.581867 0.0514895 0.0882923 85
16 0.0291989 0.528111 0.0440831 0.122866 31
0 0.540581 0.454413 0.0554883 0.135664 24
32 0.771644 0.423187 0.00940333 0.0173485 104
32 0.728906 0.426322 0.00872412 0.0169386 186
0 0.447276 0.38664 0.0683179 0.165845 114
0 0.31449 0.359756 0.0583462 0.127238 198
0 0.552602 0.359965 0.0360969 0.116787 204
0 0.400568 0.249267 0.03204 0.121246 44
56 0.58735 0.596106 0.055519 0.0705577 166
0 0.432983 0.279698 0.0695226 0.0954212 119
0 0.466379 0.508743 0.0676175 0.135482 101
