0 0.796073 0.37036 0.0391855 0.128081 2
0 0.579634 0.714605 0.0636471 0.156524 5
0 0.416765 0.74824 0.0470714 0.140957 1
0 0.405609 0.257922 0.028246 0.132766 44
0 0.321554 0.203747 0.0356548 0.115587 50
0 0.464042 0.522723 0.0427389 0.0905357 101
0 0.43952 0.39977 0.0567637 0.151308 114
0 0.524388 0.432398 0.0694371 0.165811 24
56 0.638206 0.582195 0.0502945 0.0886045 85
0 0.314548 0.457431 0.0445686 0.121628 106
32 0.637632 0.436945 0.00725705 0.0167064 144
32 0.839898 0.424825 0.00892185 0.0151152 145
0 0.574389 0.976331 0.0442747 0.0458446 128
0 0.0610789 0.539249 0.0404518 0.123877 31
