0 0.788407 0.376685 0.038119 0.125686 2
0 0.577499 0.713186 0.0613319 0.15189 5
0 0.43958 0.743001 0.0463171 0.141978 1
0 0.403878 0.259308 0.0265655 0.124395 44
0 0.310267 0.214884 0.0340164 0.106628 50
0 0.0528993 0.550398 0.0415732 0.131013 31
0 0.463698 0.525878 0.0404057 0.0864532 101
0 0.438672 0.399028 0.0555334 0.157316 114
0 0.521121 0.432527 0.067816 0.165288 24
56 0.635156 0.581658 0.0471082 0.0827542 85
32 0.713597 0.436846 0.00838601 0.0170642 102
0 0.317944 0.462007 0.0433613 0.11797 106
0 0.573117 0.980086 0.0392201 0.03736 128
32 0.752821 0.435309 0.00944514 0.0172645 104
