0 0.786836 0.377214 0.0380914 0.125852 2
0 0.577188 0.713557 0.0607737 0.150908 5
0 0.441777 0.7419 0.0463295 0.139399 1
0 0.401789 0.264195 0.0277433 0.131739 44
0 0.310809 0.216962 0.0334716 0.105887 50
0 0.0485622 0.555282 0.0398974 0.12519 31
0 0.46448 0.525173 0.0405169 0.0871785 101
0 0.440288 0.403943 0.0529781 0.15092 114
0 0.516883 0.431751 0.0679143 0.167041 24
0 0.429126 0.310618 0.0510056 0.0685533 119
56 0.634391 0.582064 0.0463845 0.0813666 85
32 0.712075 0.437946 0.00750602 0.0154871 102
0 0.317873 0.461391 0.0437456 0.118669 106
0 0.334114 0.326322 0.0580244 0.115646 105
