0 0.801321 0.365219 0.0399787 0.131582 2
0 0.582159 0.716406 0.0652512 0.161407 5
0 0.385269 0.749901 0.0433769 0.138998 1
0 0.404213 0.249637 0.0290024 0.133746 44
0 0.326107 0.199155 0.0299565 0.110957 50
0 0.464345 0.521392 0.0437136 0.09266 101
0 0.439474 0.39829 0.0603986 0.153462 114
0 0.52762 0.43364 0.0632647 0.155442 24
56 0.640999 0.579953 0.0504052 0.0879798 85
0 0.311079 0.453017 0.0467877 0.127261 106
0 0.575389 0.978213 0.0370551 0.0427102 128
0 0.424956 0.295976 0.0509223 0.0705886 119
32 0.763985 0.425758 0.00948218 0.0169142 104
