0 0.793334 0.371835 0.0385446 0.126214 2
0 0.578689 0.714166 0.0630554 0.155029 5
0 0.424112 0.746031 0.0460453 0.141904 1
0 0.406224 0.256169 0.0264767 0.123461 44
0 0.317782 0.205982 0.0368813 0.115766 50
0 0.464124 0.524135 0.0421375 0.089194 101
0 0.439751 0.401165 0.0560113 0.152065 114
0 0.518626 0.431975 0.0694892 0.163306 24
56 0.637317 0.581782 0.0489185 0.0859029 85
0 0.332266 0.322999 0.0556365 0.130297 105
0 0.315888 0.459308 0.0441605 0.119377 106
0 0.315467 0.218302 0.033768 0.0901857 139
