0 0.806293 0.36369 0.0403458 0.132312 2
0 0.58264 0.719698 0.0651168 0.163709 5
0 0.365912 0.749599 0.0412956 0.135932 1
0 0.403597 0.243594 0.0286875 0.129055 44
0 0.325515 0.196203 0.0292835 0.113052 50
0 0.460231 0.521015 0.0474922 0.0985256 101
0 0.437079 0.396516 0.0624705 0.153891 114
56 0.643956 0.580496 0.0509615 0.0880151 85
0 0.30891 0.453772 0.046788 0.127788 106
0 0.577794 0.980288 0.0287105 0.0358658 128
0 0.0445182 0.523373 0.0440353 0.128536 31
0 0.332931 0.311361 0.0475301 0.127843 105
