0 0.627051 0.581363 0.0884934 0.315226 400
0 0.444757 0.272569 0.0734819 0.259821 258
0 0.724675 0.432692 0.115324 0.189695 432
0 0.109852 0.444786 0.218907 0.316696 427
0 0.513417 0.55313 0.0945762 0.310553 307
0 0.587742 0.547448 0.0716793 0.303843 477
0 0.333781 0.501982 0.111469 0.284236 106
0 0.937501 0.492545 0.0754523 0.170659 438
0 0.384731 0.482274 0.0470577 0.237262 440
0 0.633173 0.40219 0.0751413 0.136779 472
0 0.336955 0.498844 0.0891206 0.278392 198
0 0.442986 0.513979 0.0868908 0.243928 359
