0 0.794478 0.370942 0.0388224 0.126972 2
0 0.579084 0.714468 0.063278 0.155581 5
0 0.42138 0.747035 0.0463881 0.141566 1
0 0.406136 0.256797 0.0271431 0.12679 44
0 0.319287 0.205469 0.0365759 0.115989 50
0 0.46394 0.523765 0.0422761 0.0895091 101
0 0.439908 0.401954 0.0556369 0.149827 114
0 0.522522 0.433429 0.0688766 0.16282 24
56 0.637705 0.58204 0.0493992 0.0867878 85
0 0.31531 0.45844 0.0444147 0.120465 106
0 0.317573 0.217671 0.0344097 0.0923841 139
0 0.574333 0.98732 0.0319758 0.0245107 142
32 0.636795 0.43799 0.00667727 0.0153732 144
32 0.75709 0.430618 0.00959165 0.0177024 104
0 0.574193 0.975771 0.0466947 0.0466673 128
0 0.0621727 0.538412 0.0403017 0.122191 31
