0 0.39092 0.724228 0.0407686 0.15939 1
0 0.777435 0.400286 0.030716 0.117227 2
0 0.463625 0.499762 0.0330843 0.145757 3
2 0.371799 0.882313 0.116984 0.12966 4
0 0.576601 0.711895 0.0293253 0.163127 5
0 0.426551 0.337729 0.0374086 0.0928763 6
0 0.432445 0.436214 0.0424499 0.143066 7
32 0.705132 0.465282 0.00832101 0.0161361 8
0 0.427191 0.453944 0.0360507 0.104401 9
16 0.143752 0.492652 0.0311158 0.131246 10
32 0.569915 0.350541 0.0070992 0.0152293 14
0 0.559751 0.978711 0.0276629 0.040993 17
32 0.630072 0.4685 0.00779584 0.0152235 21
32 0.593145 0.471061 0.00858906 0.0170414 23
0 0.534232 0.479452 0.0517033 0.13137 24
