0 0.796773 0.369868 0.0393271 0.128578 2
0 0.579847 0.714663 0.0637364 0.156753 5
0 0.413263 0.748845 0.0474013 0.141132 1
0 0.405404 0.255941 0.0279191 0.131016 44
0 0.32276 0.203018 0.0352954 0.115613 50
0 0.463936 0.52214 0.0428623 0.0908961 101
0 0.438951 0.398461 0.0576365 0.153214 114
0 0.525521 0.432768 0.0689268 0.165746 24
56 0.638185 0.581498 0.0492944 0.0866416 85
0 0.31384 0.456686 0.0446636 0.12214 106
0 0.574548 0.976629 0.0432027 0.0454675 128
0 0.0616521 0.536779 0.0421622 0.129856 31
0 0.3352 0.321162 0.0514208 0.126024 105
