0 0.791737 0.373387 0.0385198 0.126255 2
0 0.578266 0.713423 0.0626553 0.154365 5
0 0.430003 0.742695 0.0461608 0.145776 1
0 0.406187 0.2558 0.0255584 0.11872 44
0 0.312621 0.207465 0.0365516 0.111642 50
0 0.0593161 0.547065 0.0393898 0.120985 31
0 0.464113 0.524662 0.0416588 0.088479 101
0 0.439768 0.399745 0.0562551 0.154898 114
0 0.51942 0.432395 0.0678217 0.163026 24
56 0.636857 0.581514 0.0490311 0.086121 85
0 0.573808 0.975202 0.0483019 0.0474397 128
0 0.332201 0.323766 0.057162 0.1291 105
0 0.316643 0.460401 0.0437402 0.118436 106
0 0.573614 0.983091 0.0358507 0.0331925 137
