0 0.781442 0.38264 0.0360203 0.120387 2
0 0.575224 0.711586 0.0597618 0.151045 5
0 0.441997 0.742254 0.0420472 0.127522 1
0 0.399779 0.272602 0.0255961 0.128721 44
0 0.312602 0.22573 0.0324525 0.102977 50
0 0.533495 0.462401 0.0440736 0.114487 24
0 0.0431365 0.572398 0.0437027 0.131558 31
0 0.463145 0.526681 0.0373824 0.0796377 101
32 0.746117 0.439011 0.00913717 0.0161801 104
0 0.329606 0.322588 0.0380764 0.0731298 105
0 0.318505 0.466213 0.0427446 0.116283 106
56 0.631241 0.58431 0.0484013 0.0842566 85
