0 0.810183 0.361996 0.0406772 0.133032 2
0 0.583535 0.721606 0.0651606 0.165473 5
0 0.342891 0.752352 0.0423435 0.135281 1
0 0.404014 0.245025 0.0329544 0.139274 44
0 0.323212 0.188449 0.0321792 0.122064 50
0 0.462923 0.519608 0.0497293 0.101193 101
56 0.645871 0.581301 0.0511171 0.0878198 85
16 0.308364 0.447623 0.0461104 0.124734 106
0 0.5796 0.9835 0.0207907 0.0304294 128
0 0.0320394 0.518845 0.0477192 0.13606 31
0 0.52945 0.439365 0.0638421 0.155148 24
32 0.77134 0.42335 0.00921616 0.017079 104
32 0.728901 0.42608 0.00850209 0.0165359 186
56 0.587484 0.59433 0.0551108 0.0695558 166
