0 0.807396 0.363307 0.040521 0.133169 2
0 0.582944 0.719967 0.0647792 0.163543 5
14 0.357492 0.75086 0.0427276 0.136737 1
0 0.403186 0.241265 0.0285396 0.126305 44
0 0.325038 0.195869 0.0290782 0.111494 50
0 0.462426 0.519645 0.0469152 0.0975758 101
0 0.436634 0.39667 0.0625237 0.153241 114
56 0.644602 0.580288 0.0504106 0.0869195 85
0 0.308701 0.453363 0.0468404 0.1283 106
0 0.578507 0.980938 0.0270553 0.0351665 128
0 0.0408841 0.523719 0.0453493 0.129142 31
0 0.332883 0.312734 0.0448175 0.127702 105
32 0.00447178 0.462735 0.00894355 0.0213019 172
