0 0.795506 0.370781 0.0390335 0.127528 2
0 0.579432 0.714608 0.0634459 0.156 5
0 0.418797 0.747537 0.0465983 0.140876 1
0 0.405862 0.257781 0.0278197 0.130407 44
0 0.32034 0.204176 0.035833 0.1149 50
0 0.464 0.523361 0.0424592 0.0899146 101
0 0.439951 0.401307 0.0559231 0.149786 114
0 0.52337 0.433136 0.0692722 0.164285 24
56 0.638015 0.58234 0.0500866 0.0881266 85
0 0.314912 0.457761 0.0445465 0.121219 106
0 0.318669 0.214733 0.0340752 0.0921907 139
32 0.637256 0.437395 0.00700692 0.0161344 144
32 0.839448 0.425679 0.00908352 0.0153866 145
0 0.57421 0.976086 0.0452785 0.0460782 128
0 0.0596175 0.543617 0.0368403 0.112222 31
