0 0.802818 0.364773 0.03976 0.131042 2
0 0.581917 0.718432 0.0657535 0.163597 5
0 0.37912 0.750157 0.0417487 0.136284 1
0 0.403928 0.247425 0.0287874 0.131977 44
0 0.326526 0.197646 0.0304973 0.11544 50
0 0.464236 0.521363 0.0439423 0.0929569 101
0 0.439824 0.398391 0.0614006 0.153779 114
56 0.642184 0.580037 0.0503401 0.0874337 85
0 0.310372 0.452727 0.0468125 0.127604 106
0 0.576188 0.978795 0.0343758 0.0403056 128
56 0.585536 0.591364 0.0528777 0.0661585 166
0 0.0539834 0.51921 0.0429935 0.134231 31
