0 0.799268 0.367891 0.0398013 0.13061 2
0 0.580866 0.715193 0.064166 0.157872 5
0 0.398918 0.748472 0.0463886 0.141296 1
0 0.404807 0.250149 0.0274677 0.127151 44
0 0.325803 0.199928 0.0334194 0.115884 50
0 0.464268 0.521027 0.0438541 0.0931766 101
0 0.441769 0.396181 0.059447 0.155945 114
0 0.527059 0.433052 0.0650014 0.158277 24
56 0.639122 0.580411 0.0502027 0.0880262 85
0 0.312302 0.455712 0.0451085 0.122934 106
0 0.575516 0.97828 0.0392633 0.0430794 128
0 0.0618489 0.531921 0.044378 0.139551 31
0 0.42586 0.299366 0.0515709 0.0699382 119
32 0.843553 0.422121 0.00988374 0.0167852 145
