0 0.808948 0.362637 0.0405131 0.133457 2
0 0.583463 0.7206 0.064898 0.164405 5
0 0.350255 0.749736 0.0428568 0.136671 1
0 0.403096 0.239624 0.0295177 0.127087 44
0 0.324263 0.191791 0.0304646 0.115665 50
0 0.460544 0.520823 0.0492212 0.0990001 101
0 0.436486 0.39566 0.0640832 0.15644 114
56 0.645423 0.580517 0.0505574 0.0870656 85
0 0.309576 0.452763 0.0464902 0.128564 106
0 0.579235 0.982623 0.0239934 0.032969 128
0 0.0347396 0.520791 0.046715 0.133391 31
32 0.0035542 0.461924 0.00710839 0.0206457 172
0 0.533483 0.449211 0.0532577 0.129917 24
32 0.76968 0.424134 0.00908613 0.0164834 104
0 0.424205 0.292148 0.0514662 0.0713179 119
