0 0.799873 0.366863 0.0399834 0.131587 2
0 0.581296 0.715556 0.0645339 0.158868 5
0 0.394939 0.748369 0.0453859 0.140326 1
0 0.404836 0.249379 0.0275847 0.127303 44
0 0.3262 0.199259 0.0326606 0.115564 50
0 0.464284 0.52106 0.0438307 0.0931473 101
0 0.440439 0.39671 0.0596661 0.155231 114
0 0.527311 0.432711 0.0646659 0.158084 24
56 0.639412 0.580388 0.0505864 0.088677 85
0 0.311895 0.454915 0.0455345 0.123888 106
0 0.575162 0.977881 0.0393513 0.043756 128
0 0.0590328 0.53481 0.0409861 0.129823 31
0 0.425908 0.298266 0.0514914 0.0703462 119
32 0.844946 0.4217 0.00995858 0.016825 145
32 0.761957 0.427304 0.00960942 0.0177344 104
