0 0.625135 0.60018 0.0848686 0.286464 400
0 0.447567 0.285236 0.0718408 0.250097 258
0 0.715781 0.468833 0.0998765 0.16465 432
0 0.166071 0.482536 0.138474 0.184773 427
0 0.520999 0.585931 0.0909401 0.293088 307
0 0.0584298 0.389518 0.0411989 0.218511 466
0 0.591805 0.557818 0.0692145 0.290893 477
17 0.434733 0.533421 0.0847076 0.256445 359
17 0.339038 0.536107 0.098995 0.220968 106
0 0.890121 0.531134 0.0598657 0.13689 438
0 0.47944 0.381461 0.0491952 0.118347 484
0 0.620642 0.417729 0.0740308 0.129786 472
