0 0.798584 0.368321 0.0396545 0.129858 2
0 0.580423 0.714906 0.0639853 0.157386 5
0 0.404335 0.749146 0.0474874 0.142381 1
0 0.404979 0.251248 0.0272463 0.126549 44
0 0.324871 0.20113 0.0341657 0.115856 50
0 0.464161 0.521146 0.0434426 0.0922141 101
0 0.439912 0.397144 0.0586063 0.154121 114
0 0.526624 0.433717 0.0657364 0.159539 24
56 0.638816 0.580728 0.0498129 0.0874032 85
0 0.312915 0.456186 0.0447358 0.122194 106
0 0.575275 0.977998 0.0402046 0.0435255 128
0 0.0614773 0.53341 0.0436554 0.136569 31
