0 0.807835 0.363217 0.0404422 0.133249 2
0 0.583154 0.720063 0.0647513 0.163731 5
14 0.35507 0.750444 0.0425852 0.135494 1
0 0.403114 0.240744 0.0286598 0.125736 44
0 0.324873 0.195006 0.029641 0.113249 50
0 0.459984 0.521308 0.0482036 0.0988797 101
0 0.43661 0.396421 0.0626042 0.153004 114
56 0.644849 0.580087 0.0500957 0.086261 85
0 0.308846 0.453151 0.0469042 0.128817 106
0 0.578647 0.981702 0.0259233 0.0342772 128
0 0.0382907 0.523063 0.0458479 0.130445 31
32 0.00414023 0.462644 0.00828045 0.0210845 172
