0 0.809743 0.362069 0.0407237 0.133294 2
0 0.582678 0.722029 0.0650986 0.165744 5
0 0.338659 0.755574 0.0426713 0.134098 1
0 0.321724 0.186837 0.0318099 0.119633 50
0 0.458275 0.519456 0.0562079 0.111612 101
56 0.645981 0.581683 0.0513174 0.0881068 85
18 0.0312025 0.523115 0.0450434 0.127635 31
0 0.53588 0.447548 0.0585404 0.142841 24
32 0.77184 0.423012 0.00942602 0.0174439 104
32 0.729506 0.426017 0.0085187 0.0165555 186
0 0.332661 0.292927 0.0308722 0.0830232 105
0 0.44774 0.386115 0.0709686 0.174315 114
