0 0.782051 0.382341 0.0364472 0.121391 2
0 0.575621 0.711709 0.0599568 0.151191 5
0 0.441997 0.742419 0.0422115 0.127427 1
0 0.399943 0.272061 0.0258675 0.128904 44
0 0.312206 0.224878 0.0326622 0.103815 50
0 0.533571 0.46321 0.0428272 0.111522 24
0 0.0429683 0.572128 0.0442694 0.13374 31
0 0.463247 0.526565 0.0370579 0.0789202 101
32 0.746701 0.438687 0.00913465 0.0161791 104
0 0.330105 0.322714 0.0399638 0.0769663 105
0 0.31793 0.465428 0.0431471 0.117175 106
56 0.631684 0.584599 0.0488159 0.0852961 85
