0 0.81004 0.361958 0.0405996 0.133085 2
0 0.583564 0.721472 0.0651615 0.165352 5
0 0.344591 0.751141 0.0423421 0.135732 1
0 0.40308 0.24284 0.0318245 0.135131 44
0 0.323618 0.188789 0.0318126 0.120845 50
0 0.462178 0.520567 0.0494888 0.100023 101
56 0.645738 0.581227 0.0509246 0.0875642 85
0 0.309678 0.450207 0.0463781 0.127614 106
0 0.579414 0.983319 0.0216048 0.0310241 128
0 0.0328141 0.519114 0.0477219 0.135891 31
0 0.530611 0.441586 0.0609474 0.148497 24
32 0.771064 0.423506 0.00927483 0.0171349 104
56 0.587411 0.594202 0.0552518 0.069469 166
