0 0.784996 0.37891 0.0372269 0.122878 2
0 0.576841 0.713195 0.0601833 0.150336 5
0 0.441865 0.744849 0.0422703 0.126902 1
0 0.401412 0.266311 0.0262735 0.127651 44
0 0.311304 0.220475 0.0331389 0.105249 50
0 0.0457469 0.565109 0.0437787 0.134189 31
0 0.46404 0.526693 0.0399743 0.0857104 101
32 0.749191 0.436872 0.0102922 0.0186482 104
0 0.445644 0.409954 0.0487877 0.140325 114
0 0.523385 0.435632 0.0608603 0.15856 24
0 0.322072 0.350224 0.0645799 0.151975 117
32 0.354349 0.327839 0.00754989 0.0180066 118
56 0.633111 0.583253 0.0468014 0.0818537 85
