0 0.0474908 0.74337 0.0750847 0.257565 317
0 0.614296 0.61441 0.0769254 0.26405 400
0 0.429314 0.318972 0.0588348 0.196516 258
0 0.364637 0.570005 0.0849688 0.240091 198
0 0.490215 0.43766 0.0863599 0.168355 451
0 0.693883 0.502815 0.0789561 0.129448 432
0 0.222067 0.492 0.145976 0.17808 427
0 0.461572 0.577301 0.0656862 0.226041 359
0 0.0111428 0.717378 0.0222855 0.169201 459
17 0.548754 0.605442 0.076039 0.276007 307
0 0.0333581 0.739461 0.0581444 0.245671 295
0 0.409115 0.54072 0.0490489 0.257246 440
