0 0.785508 0.378224 0.0373713 0.123333 2
0 0.577024 0.713358 0.0603927 0.150543 5
0 0.441464 0.744716 0.0425717 0.12763 1
0 0.401453 0.265061 0.0266256 0.128637 44
0 0.311166 0.219101 0.0329741 0.104537 50
0 0.0478329 0.560217 0.0427491 0.132146 31
0 0.464183 0.526263 0.0402178 0.0863911 101
0 0.443754 0.409243 0.0495603 0.142043 114
0 0.519105 0.432549 0.0641479 0.163645 24
0 0.323056 0.347364 0.0644741 0.152036 117
0 0.4299 0.313612 0.0493919 0.0663052 119
56 0.633542 0.582655 0.04637 0.0812221 85
32 0.710109 0.438522 0.00734064 0.0153316 102
0 0.318094 0.46314 0.0430702 0.116848 106
