0 0.787425 0.377286 0.0380102 0.125497 2
0 0.577304 0.713322 0.0610338 0.151342 5
0 0.441079 0.742687 0.0467626 0.141394 1
0 0.40189 0.263449 0.028029 0.13229 44
0 0.310526 0.216264 0.0337529 0.106522 50
0 0.0507221 0.552906 0.0405206 0.127277 31
0 0.464263 0.525643 0.0408808 0.0877241 101
0 0.439188 0.401233 0.0544662 0.154665 114
0 0.517604 0.431498 0.0690607 0.168092 24
0 0.429183 0.309129 0.0509404 0.0685861 119
56 0.634683 0.582094 0.0466609 0.0819397 85
32 0.712937 0.437406 0.00798633 0.0163558 102
0 0.31802 0.461835 0.0435815 0.118487 106
32 0.751873 0.43579 0.00971874 0.017702 104
