0 0.805032 0.364192 0.0397786 0.130817 2
0 0.582082 0.719086 0.06553 0.163742 5
0 0.373043 0.749176 0.0403777 0.133537 1
0 0.403614 0.246302 0.0291508 0.132656 44
0 0.326136 0.19644 0.0305093 0.117441 50
0 0.463852 0.521015 0.0447494 0.0946035 101
0 0.439061 0.397193 0.0622747 0.154055 114
56 0.64325 0.579925 0.0502747 0.0869623 85
0 0.309602 0.453117 0.0468669 0.127836 106
0 0.576858 0.979136 0.0325073 0.0389998 128
56 0.585571 0.59148 0.0529594 0.0663056 166
0 0.0489674 0.519608 0.042862 0.129861 31
14 0.373778 0.749041 0.0385078 0.134384 167
