0 0.780712 0.38301 0.0357258 0.119995 2
0 0.575296 0.710998 0.0593484 0.150553 5
0 0.442151 0.742493 0.0415407 0.126453 1
0 0.399418 0.27271 0.0250417 0.127255 44
0 0.313425 0.22584 0.0321939 0.102066 50
0 0.533503 0.462741 0.043473 0.112221 24
0 0.0435381 0.572337 0.0429827 0.128843 31
0 0.463014 0.526784 0.0376246 0.0801185 101
32 0.706572 0.441477 0.00802245 0.0169399 102
32 0.745274 0.439382 0.00907608 0.016065 104
0 0.328923 0.324011 0.0382702 0.073461 105
0 0.318765 0.466343 0.0427515 0.116301 106
