0 0.800524 0.366101 0.0399722 0.131689 2
0 0.581649 0.715882 0.0648088 0.15971 5
0 0.39135 0.748828 0.0446649 0.139902 1
0 0.404708 0.249845 0.0282539 0.130331 44
0 0.326379 0.199065 0.0319781 0.115039 50
0 0.464266 0.521249 0.0439058 0.0932967 101
0 0.44008 0.396178 0.0599825 0.154774 114
0 0.526805 0.432876 0.0643918 0.157592 24
56 0.639839 0.580377 0.0507034 0.0888716 85
0 0.311497 0.454371 0.0460792 0.12523 106
0 0.575433 0.977554 0.0389984 0.0439799 128
0 0.0575564 0.535343 0.0392412 0.125005 31
0 0.425669 0.297757 0.0515546 0.0709585 119
32 0.84653 0.421564 0.0102083 0.0171231 145
32 0.762616 0.426781 0.00939821 0.0170169 104
