0 0.800997 0.365465 0.0399636 0.131686 2
0 0.58199 0.716293 0.0650718 0.160647 5
0 0.388427 0.749433 0.0441338 0.139937 1
0 0.404459 0.249934 0.0287053 0.132437 44
0 0.326502 0.198581 0.0314847 0.115006 50
0 0.464348 0.521401 0.0438728 0.0931386 101
0 0.439634 0.396999 0.0600969 0.153893 114
0 0.526558 0.432237 0.0646931 0.15849 24
56 0.640526 0.580354 0.0506667 0.0886945 85
0 0.311246 0.453856 0.0465594 0.126528 106
0 0.575531 0.97806 0.0377313 0.0430662 128
0 0.0564988 0.532275 0.0368065 0.117065 31
0 0.425467 0.296927 0.0512307 0.070815 119
32 0.76344 0.426278 0.00953669 0.0171034 104
