0 0.656637 0.629197 0.116052 0.467417 400
0 0.526682 0.264631 0.124575 0.529261 258
0 0.454904 0.46909 0.114024 0.476591 307
0 0.55632 0.514144 0.0918996 0.47825 477
0 0.254299 0.497019 0.132725 0.493172 198
0 0.0318734 0.470055 0.0637468 0.439263 538
0 0.0428027 0.277652 0.0856054 0.428185 555
0 0.142685 0.365238 0.087436 0.461529 466
0 0.385418 0.451832 0.128871 0.472387 566
35 0.0807065 0.303207 0.0138242 0.0492237 576
0 0.614252 0.442991 0.0766259 0.191542 580
0 0.610694 0.295025 0.0655213 0.263846 562
0 0.203691 0.484772 0.125587 0.488953 106
