0 0.799221 0.351635 0.0403206 0.121075 2
0 0.562949 0.73627 0.0623028 0.145558 5
0 0.298891 0.763632 0.0517395 0.157895 1
0 0.299226 0.185393 0.0349395 0.108816 50
56 0.637979 0.582385 0.0517373 0.0885817 85
0 0.0235846 0.522871 0.0471693 0.140786 31
0 0.517314 0.451056 0.0779932 0.185196 24
0 0.451499 0.380867 0.0799103 0.178914 114
0 0.558771 0.359542 0.0444428 0.14348 204
0 0.410331 0.249353 0.0330113 0.11276 44
0 0.510962 0.249487 0.0396054 0.102366 209
0 0.323993 0.429157 0.0650244 0.140561 198
0 0.44349 0.275983 0.0634897 0.0863506 119
