0 0.025431 0.794069 0.0508619 0.233311 295
0 0.0883609 0.75552 0.0778593 0.247011 317
0 0.597738 0.613189 0.0761511 0.254545 400
0 0.404079 0.341472 0.067937 0.206901 258
0 0.531581 0.618278 0.0702195 0.274769 307
0 0.367661 0.590461 0.081152 0.222524 198
0 0.780794 0.560165 0.0466302 0.115935 438
0 0.43315 0.560948 0.0470724 0.25299 440
0 0.284596 0.496672 0.133891 0.157841 448
0 0.674071 0.516061 0.0730663 0.123772 432
0 0.257241 0.498767 0.136203 0.161411 427
0 0.471858 0.575378 0.0607023 0.230126 359
