0 0.789585 0.375927 0.0382816 0.12601 2
0 0.577583 0.713065 0.0616163 0.152408 5
0 0.438191 0.742199 0.0463747 0.144598 1
0 0.405276 0.257451 0.026217 0.12248 44
0 0.310257 0.213402 0.0347115 0.107777 50
0 0.0547321 0.549681 0.0418293 0.131418 31
0 0.463776 0.526035 0.0407179 0.086989 101
0 0.438676 0.400637 0.0541374 0.152272 114
0 0.522204 0.433821 0.0664781 0.161696 24
56 0.635897 0.581658 0.0477507 0.0838363 85
0 0.573346 0.980149 0.03962 0.0378313 128
32 0.753523 0.434147 0.00945359 0.0173853 104
0 0.334608 0.3254 0.060058 0.12451 105
