0 0.024679 0.759219 0.0432747 0.185941 295
0 0.0788661 0.753757 0.078656 0.253007 317
0 0.59747 0.615606 0.0776107 0.258066 400
0 0.412661 0.333443 0.0632144 0.201673 258
0 0.364655 0.585373 0.0811994 0.222315 198
0 0.793526 0.560036 0.0482756 0.119053 438
0 0.423355 0.551521 0.0471317 0.250615 440
0 0.27782 0.496666 0.133879 0.15805 448
0 0.489165 0.430635 0.088662 0.172025 451
0 0.681798 0.511135 0.07449 0.124868 432
0 0.252546 0.498754 0.141333 0.165375 427
0 0.468946 0.57893 0.0622327 0.228231 359
