0 0.790913 0.374151 0.0385064 0.12643 2
0 0.578023 0.713213 0.0623891 0.153955 5
0 0.432967 0.741743 0.0464069 0.147453 1
0 0.406185 0.25626 0.0258385 0.120386 44
0 0.311592 0.209338 0.0363753 0.1112 50
0 0.0582657 0.546701 0.0414583 0.128512 31
0 0.463977 0.524868 0.0413339 0.087946 101
0 0.43961 0.400959 0.0549998 0.152257 114
0 0.523831 0.433464 0.0661696 0.161725 24
56 0.636568 0.581225 0.0483898 0.0849039 85
0 0.573825 0.975673 0.0479813 0.0465929 128
0 0.333072 0.323648 0.0580151 0.128268 105
32 0.387104 0.320653 0.00649288 0.0159305 135
0 0.316953 0.460787 0.0435967 0.118101 106
