0 0.628682 0.609042 0.0813383 0.282279 185
0 0.443761 0.2972 0.087173 0.233044 196
0 0.339195 0.531651 0.0729469 0.220036 98
0 0.707869 0.488592 0.0926133 0.150716 212
0 0.180141 0.48375 0.136365 0.175685 207
0 0.528985 0.599495 0.0839362 0.28052 150
0 0.0364124 0.40798 0.0362616 0.206165 242
0 0.600428 0.42343 0.0558985 0.0964509 247
0 0.584798 0.581076 0.0697755 0.294488 251
0 0.434892 0.550009 0.0750415 0.241974 164
0 0.862177 0.552064 0.0530083 0.12347 218
0 0.0157727 0.715561 0.0315453 0.261902 235
