0 0.792412 0.372618 0.0386064 0.126591 2
0 0.578314 0.713587 0.0628228 0.154578 4
0 0.427844 0.743943 0.0460878 0.144147 1
0 0.31456 0.206693 0.0364252 0.112667 31
0 0.406228 0.256 0.0259753 0.120853 27
0 0.0611285 0.543367 0.0403651 0.123046 8
0 0.464179 0.524445 0.0419131 0.0888195 55
0 0.439859 0.399172 0.0570786 0.156367 61
0 0.51763 0.431718 0.0691635 0.163839 13
0 0.330905 0.323856 0.0566989 0.129848 56
0 0.316366 0.460137 0.0439266 0.118722 57
0 0.573653 0.977409 0.0465099 0.0432947 75
0 0.312961 0.219517 0.0327342 0.0869798 77
