0 0.656637 0.629197 0.116052 0.467417 185
0 0.52669 0.264604 0.125831 0.529208 196
0 0.55632 0.514144 0.0918996 0.47825 251
0 0.25405 0.497068 0.131898 0.493298 164
0 0.454922 0.46913 0.113008 0.476449 150
0 0.0318734 0.470055 0.0637468 0.439263 295
0 0.0428027 0.277652 0.0856054 0.428185 311
0 0.142685 0.365238 0.087436 0.461529 242
0 0.385418 0.451832 0.128871 0.472387 321
0 0.614252 0.442991 0.0766259 0.191542 333
0 0.610694 0.295025 0.0655213 0.263846 318
0 0.203584 0.484562 0.123487 0.488952 98
