0 0.800524 0.366101 0.0399722 0.131689 2
0 0.581649 0.715882 0.0648088 0.15971 4
0 0.39135 0.748827 0.0446654 0.139902 1
0 0.326379 0.199065 0.0319781 0.115039 31
0 0.404708 0.249845 0.0282577 0.130332 27
0 0.464266 0.521249 0.0439058 0.0932967 55
0 0.44008 0.396178 0.0599825 0.154774 61
0 0.526805 0.432876 0.0643918 0.157592 13
0 0.311497 0.454371 0.0460792 0.12523 57
0 0.575433 0.977554 0.0389984 0.0439799 69
0 0.0575563 0.535343 0.0392358 0.125005 8
0 0.425669 0.297757 0.0515546 0.0709585 65
