0 0.454211 0.472047 0.10519 0.473662 0.894491 2
0 0.656527 0.627817 0.11363 0.461057 0.887786 7
0 0.257323 0.4989 0.121348 0.486163 0.793589 220
0 0.524487 0.240542 0.116867 0.481084 0.54864 47
0 0.185531 0.470797 0.0951897 0.444031 0.648277 229
0 0.553724 0.513928 0.092714 0.463682 0.849424 250
0 0.138581 0.367666 0.106478 0.457908 0.906816 288
0 0.0341377 0.469308 0.0682754 0.431298 0.806902 10
0 0.0424726 0.27437 0.0849452 0.417992 0.925434 296
0 0.375909 0.454902 0.191018 0.448623 0.811105 301
0 0.621023 0.323275 0.0837492 0.21899 0.723881 285
0 0.611562 0.567794 0.0943949 0.421584 0.513326 306
