0 0.0561962 0.842612 0.066007 0.203338 0.91952 5
0 0.296964 0.244915 0.0511234 0.1254 0.832243 14
0 0.679433 0.381405 0.0580155 0.166582 0.839279 115
0 0.357589 0.474771 0.0668784 0.171824 0.652121 10
0 0.429031 0.513626 0.0700112 0.184312 0.803847 2
0 0.34324 0.385602 0.0548734 0.157963 0.705063 83
0 0.309361 0.742799 0.0601303 0.156431 0.880315 169
0 0.47604 0.375096 0.0732167 0.117322 0.819421 110
0 0.5573 0.387243 0.0456965 0.126118 0.88097 189
0 0.381148 0.306497 0.0648991 0.107865 0.528023 194
0 0.459419 0.483314 0.0683655 0.153711 0.516364 7
