0 0.457732 0.512781 0.0827044 0.336029 0.770532 2
0 0.0313773 0.547151 0.0627545 0.144994 0.4977 83
0 0.613047 0.597526 0.0985816 0.362557 0.87782 7
0 0.282483 0.477811 0.0924915 0.353147 0.893244 220
0 0.449836 0.233897 0.0731744 0.308385 0.883682 47
0 0.223795 0.460313 0.0786989 0.338646 0.810321 229
0 0.68123 0.366839 0.153833 0.285526 0.8941 209
0 0.134327 0.303366 0.0650386 0.288243 0.866887 243
0 0.556832 0.550214 0.0784294 0.367 0.737956 250
0 0.521512 0.48357 0.057077 0.310097 0.207883 278
0 0.647198 0.530151 0.143698 0.371459 0.556967 254
