0 0.132359 0.565598 0.0333889 0.117125 0.883533 1
0 0.445242 0.529293 0.0447599 0.117909 0.828158 2
0 0.573703 0.711475 0.0487167 0.150112 0.915082 3
0 0.429085 0.335173 0.042746 0.0686689 0.782795 4
0 0.446361 0.742588 0.0364148 0.131959 0.850419 5
0 0.772336 0.397577 0.0369586 0.120192 0.881272 6
0 0.528716 0.471244 0.0486643 0.124904 0.4792 7
0 0.425223 0.0211432 0.020329 0.0414081 0.572394 9
0 0.322445 0.478481 0.0351291 0.110856 0.657067 10
0 0.447245 0.385679 0.0393327 0.0657986 0.489908 12
0 0.320597 0.246474 0.025777 0.103901 0.864842 14
0 0.374919 0.281634 0.0236006 0.119921 0.801977 37
0 0.327687 0.363653 0.02679 0.098778 0.572489 47
0 0.294902 0.0121022 0.0206364 0.0233172 0.186774 71
0 0.510581 0.33316 0.0478721 0.0793524 0.195105 81
0 0.31187 0.412391 0.0285259 0.0852996 0.476141 83
0 0.440874 0.449278 0.0429679 0.0899879 0.790746 8
