0 0.0172425 0.524936 0.0344851 0.133687 0.853935 1
0 0.542397 0.732487 0.0651934 0.146966 0.818574 3
0 0.448432 0.282067 0.062554 0.0948575 0.167277 4
0 0.274497 0.767457 0.0519215 0.165272 0.877782 5
0 0.77662 0.341742 0.0468065 0.122826 0.896834 6
0 0.286168 0.187727 0.0358896 0.103233 0.881745 14
0 0.413772 0.254518 0.0355617 0.114163 0.699808 37
0 0.569041 0.360819 0.0522474 0.143283 0.873422 115
0 0.34812 0.438096 0.0603868 0.13169 0.786136 10
0 0.43686 0.392904 0.0785412 0.162328 0.203832 8
0 0.498209 0.441942 0.0778562 0.167315 0.366314 7
0 0.487227 0.489067 0.0770495 0.156905 0.674938 2
0 0.31723 0.385899 0.0560784 0.13201 0.468541 83
