0 0.0613392 0.529884 0.0450127 0.141622 0.884524 1
0 0.455214 0.523611 0.0656224 0.105666 0.833162 2
0 0.580679 0.715681 0.0650403 0.159608 0.898432 3
0 0.425158 0.298224 0.0508179 0.0735082 0.759409 4
0 0.391919 0.749609 0.0456824 0.139281 0.837386 5
0 0.800097 0.367036 0.0406176 0.132476 0.884507 6
0 0.312402 0.455527 0.0437916 0.125243 0.758584 10
0 0.326569 0.199882 0.0319458 0.117449 0.861584 14
0 0.403937 0.246636 0.0268678 0.122067 0.830966 37
0 0.335509 0.314243 0.0362732 0.135694 0.789414 47
0 0.307629 0.372544 0.0432854 0.106599 0.730014 83
0 0.44443 0.423492 0.0499683 0.0993845 0.707523 8
0 0.523807 0.2635 0.0502775 0.0717349 0.512065 62
0 0.436776 0.36027 0.0573127 0.0860838 0.23313 110
0 0.529977 0.451489 0.0535007 0.130226 0.376946 7
0 0.535813 0.362254 0.0305845 0.0778494 0.14521 115
