0 0.0455359 0.574523 0.0416845 0.12547 0.876418 1
0 0.456937 0.53002 0.0576306 0.0985467 0.760591 2
0 0.57485 0.709414 0.0586913 0.148552 0.91045 3
0 0.428153 0.31974 0.0481838 0.069708 0.844141 4
0 0.444592 0.743337 0.0439882 0.12589 0.822745 5
0 0.778663 0.384973 0.0378714 0.123378 0.871191 6
0 0.52928 0.469402 0.0467515 0.109872 0.683759 7
0 0.319989 0.466904 0.0397548 0.11447 0.705443 10
0 0.314189 0.228543 0.0314321 0.105655 0.833284 14
0 0.398118 0.27352 0.0245964 0.124086 0.851404 37
0 0.326647 0.350033 0.0410986 0.111286 0.318212 47
0 0.309907 0.392125 0.028575 0.0709167 0.168909 83
0 0.445734 0.438847 0.0481039 0.0935781 0.698789 8
0 0.438302 0.378106 0.0501192 0.0779829 0.568302 12
0 0.52191 0.287425 0.0439071 0.0654337 0.375341 62
