0 0.0473814 0.575192 0.0411822 0.123963 0.884171 1
0 0.456814 0.53012 0.0572728 0.0985721 0.750154 2
0 0.574558 0.709199 0.0583835 0.148251 0.910001 3
0 0.428235 0.320308 0.0478939 0.069303 0.818017 4
0 0.444701 0.742721 0.0435479 0.125554 0.819892 5
0 0.777896 0.385222 0.0378178 0.123249 0.872861 6
0 0.529413 0.469374 0.0465248 0.10976 0.688442 7
0 0.319804 0.467584 0.0390795 0.113008 0.711739 10
0 0.314729 0.229398 0.0312151 0.105359 0.842425 14
0 0.397807 0.272792 0.0241502 0.122577 0.830318 37
0 0.326293 0.349895 0.0384573 0.102966 0.387338 47
0 0.311059 0.394224 0.0311465 0.0791688 0.32428 83
0 0.446142 0.43889 0.0482799 0.093615 0.726621 8
0 0.43812 0.378613 0.0502754 0.0787307 0.530624 12
0 0.521738 0.28797 0.0433871 0.0648569 0.37937 62
