0 0.0679361 0.571026 0.0381323 0.119192 0.891015 1
0 0.457198 0.530516 0.0530791 0.0968625 0.782325 2
0 0.573457 0.706335 0.0566386 0.147959 0.916543 3
0 0.428789 0.323739 0.0462539 0.0682404 0.821453 4
0 0.446472 0.739873 0.0410958 0.124826 0.83586 5
0 0.773639 0.387496 0.037207 0.122028 0.88148 6
0 0.529754 0.470766 0.0451167 0.107903 0.498004 7
0 0.320489 0.468628 0.0384345 0.112487 0.735211 10
0 0.316839 0.234594 0.0300076 0.104527 0.875324 14
0 0.394867 0.272784 0.0239854 0.121085 0.852335 37
0 0.326122 0.35225 0.0355477 0.0983423 0.598768 47
0 0.311931 0.405608 0.0319268 0.085883 0.558848 83
0 0.445443 0.438088 0.0504317 0.0929429 0.697353 8
0 0.520049 0.421543 0.0411529 0.119151 0.144953 95
0 0.438883 0.381894 0.0518366 0.0827962 0.466311 12
0 0.520885 0.291257 0.0391025 0.0631595 0.359823 62
