0 0.0310788 0.854453 0.0621576 0.247583 0.902575 5
0 0.397314 0.59088 0.0739284 0.221261 0.825512 10
0 0.516419 0.606499 0.0707681 0.263779 0.332752 2
0 0.271087 0.481847 0.0624734 0.167017 0.453542 83
0 0.559842 0.593072 0.072762 0.224132 0.696806 7
0 0.34595 0.481636 0.0605413 0.195754 0.621236 217
0 0.462345 0.576016 0.0435844 0.188127 0.348532 220
0 0.388318 0.394585 0.0662029 0.184686 0.849169 47
0 0.188579 0.763234 0.076319 0.217992 0.871553 3
0 0.435542 0.407063 0.0460364 0.145924 0.776971 37
0 0.508673 0.407031 0.0582807 0.143396 0.502666 189
0 0.433076 0.588487 0.0343228 0.163748 0.74748 229
0 0.63074 0.543886 0.101145 0.0985706 0.655927 209
