0 0.0474946 0.56073 0.0424206 0.13111 0.877532 1
0 0.456726 0.529076 0.0617113 0.101294 0.545197 2
0 0.576522 0.712817 0.0613227 0.15283 0.915811 3
0 0.4274 0.314134 0.0489457 0.0701365 0.754284 4
0 0.441912 0.74762 0.0455487 0.127278 0.832331 5
0 0.785525 0.379416 0.0388642 0.126157 0.881315 6
0 0.53331 0.468693 0.0451941 0.107666 0.573906 7
0 0.318058 0.465739 0.0422557 0.116347 0.721996 10
0 0.310594 0.221038 0.0328543 0.109394 0.873695 14
0 0.401539 0.26651 0.0268369 0.128395 0.845062 37
0 0.332824 0.334754 0.0411663 0.123822 0.702665 47
0 0.310827 0.387475 0.0371346 0.0928458 0.690659 83
0 0.445022 0.435705 0.0475629 0.0955027 0.747168 8
0 0.438161 0.372171 0.0539283 0.0806021 0.606984 12
0 0.52189 0.280196 0.045107 0.0658456 0.438186 62
