0 0.0342565 0.876336 0.0643836 0.230161 0.859558 5
0 0.41691 0.581388 0.072714 0.204576 0.777992 10
0 0.484733 0.566835 0.0740406 0.257586 0.538482 2
0 0.335816 0.453301 0.0618722 0.190101 0.863152 83
0 0.267084 0.76938 0.0668024 0.21504 0.914551 169
0 0.528588 0.560603 0.0690898 0.202043 0.777704 7
0 0.957638 0.446187 0.0678469 0.177578 0.867166 208
0 0.56477 0.415922 0.0755552 0.110293 0.84451 110
0 0.441941 0.534307 0.041813 0.166397 0.124099 216
0 0.378703 0.4222 0.0562493 0.181112 0.462499 217
0 0.479379 0.359497 0.0735153 0.136936 0.700076 4
