0 0.447172 0.493296 0.0978239 0.387587 0.911921 2
0 0.61963 0.612324 0.100842 0.395441 0.886945 7
0 0.222757 0.485127 0.11342 0.401871 0.906353 220
0 0.45447 0.184048 0.0710645 0.285854 0.871669 47
0 0.16727 0.462463 0.0831312 0.358396 0.876645 229
0 0.536216 0.528818 0.0858474 0.388255 0.822228 250
0 0.660158 0.559917 0.114616 0.385605 0.815492 254
0 0.611435 0.372237 0.0733647 0.177079 0.633485 285
0 0.16993 0.293833 0.0832037 0.252876 0.571401 288
0 0.612503 0.272204 0.0837623 0.187554 0.596178 209
0 0.544972 0.32503 0.0780726 0.160461 0.465989 290
0 0.111088 0.384536 0.129534 0.463834 0.836898 10
