0 0.481162 0.524008 0.0859094 0.333467 0.721035 2
0 0.0441873 0.55928 0.0883745 0.178338 0.667421 83
0 0.614208 0.592593 0.0970653 0.33914 0.857181 7
0 0.320148 0.498731 0.0822424 0.308138 0.892046 220
0 0.447356 0.246646 0.0775666 0.301998 0.896959 47
0 0.279816 0.486419 0.0686863 0.314145 0.716772 229
0 0.698125 0.395095 0.14675 0.23876 0.912736 209
0 0.125168 0.319034 0.0556231 0.268656 0.901147 243
0 0.568206 0.547304 0.0740561 0.339065 0.835267 250
0 0.959688 0.447903 0.080623 0.214397 0.848256 233
