0 0.0364497 0.865563 0.0613317 0.236224 0.851391 5
0 0.416322 0.57927 0.0697006 0.209039 0.752551 10
0 0.506454 0.571465 0.0753896 0.287205 0.605256 2
0 0.307829 0.45391 0.0547676 0.174828 0.64655 83
0 0.548337 0.567498 0.0753328 0.229799 0.756907 7
0 0.372536 0.469095 0.0663213 0.212218 0.680753 217
0 0.49909 0.380528 0.0546155 0.108503 0.135649 4
0 0.455866 0.561861 0.0510649 0.21852 0.619669 220
0 0.382202 0.374153 0.0427598 0.121782 0.512019 47
0 0.225733 0.769367 0.084101 0.212605 0.833128 3
0 0.42208 0.387564 0.0456338 0.144604 0.652369 37
