0 0.453572 0.497175 0.090467 0.368415 0.908071 2
0 0.617259 0.604882 0.101653 0.382841 0.888629 7
0 0.249536 0.482636 0.105139 0.3764 0.880779 220
0 0.455237 0.200972 0.069332 0.295434 0.866122 47
0 0.188522 0.464124 0.0793908 0.34521 0.84043 229
0 0.124067 0.286073 0.065498 0.313425 0.759881 243
0 0.542087 0.541598 0.0829479 0.390736 0.838347 250
0 0.666614 0.556234 0.126747 0.365591 0.701767 254
0 0.146093 0.439286 0.110017 0.329161 0.837042 283
0 0.609791 0.36428 0.0565434 0.133858 0.648182 285
0 0.0322212 0.560672 0.0644423 0.177675 0.495626 83
0 0.203766 0.260558 0.0499797 0.147346 0.549525 288
0 0.422759 0.57594 0.0976134 0.0898823 0.364621 289
0 0.63805 0.309189 0.111785 0.23156 0.669554 209
