0 0.0269671 0.82768 0.0539342 0.254233 0.780404 5
0 0.375878 0.600743 0.0759799 0.225018 0.85306 10
0 0.530183 0.611572 0.0790329 0.302981 0.784279 2
0 0.2322 0.514073 0.0722829 0.135073 0.392432 83
0 0.575675 0.613854 0.0749051 0.243072 0.834827 7
0 0.478465 0.56319 0.0521997 0.210774 0.750219 220
0 0.399795 0.368386 0.0787055 0.215947 0.898186 47
0 0.120599 0.766514 0.0786915 0.240332 0.865733 3
0 0.439592 0.576657 0.0492764 0.236778 0.702978 229
0 0.661191 0.530466 0.113929 0.126861 0.865507 209
0 0.756199 0.549886 0.0529582 0.115861 0.763624 233
0 0.314476 0.494753 0.0912729 0.16567 0.848646 62
