0 0.0242736 0.523685 0.0482421 0.138292 0.879356 1
0 0.474625 0.49831 0.0881441 0.161391 0.668647 2
0 0.572481 0.735501 0.0622115 0.151171 0.872946 3
0 0.435082 0.277993 0.0616867 0.0882065 0.47331 4
0 0.310144 0.764733 0.0504166 0.152853 0.895937 5
0 0.804099 0.36022 0.0443242 0.141087 0.899712 6
0 0.305797 0.184386 0.034238 0.113234 0.892455 14
0 0.406249 0.250828 0.0337138 0.11937 0.751479 37
0 0.307741 0.395465 0.0464575 0.113648 0.49354 83
0 0.518802 0.250066 0.0639961 0.0982804 0.8346 62
0 0.556424 0.361467 0.0494135 0.131628 0.815781 115
0 0.32093 0.438021 0.0541045 0.124787 0.763041 10
0 0.453141 0.384761 0.0860749 0.173659 0.454837 8
0 0.530546 0.457507 0.0571065 0.134188 0.798153 7
