0 0.0603679 0.527515 0.0447747 0.140662 0.865927 1
0 0.455279 0.523667 0.0656406 0.105511 0.82461 2
0 0.580912 0.716052 0.0652604 0.160239 0.899435 3
0 0.424741 0.29822 0.0513459 0.0742732 0.785095 4
0 0.388796 0.749816 0.0448219 0.138374 0.85379 5
0 0.800786 0.366608 0.0405472 0.132366 0.884749 6
0 0.311862 0.45518 0.0438107 0.125439 0.741703 10
0 0.326736 0.199351 0.0314975 0.117244 0.858942 14
0 0.403678 0.246072 0.027064 0.122646 0.838645 37
0 0.335196 0.314275 0.0359353 0.134853 0.792004 47
0 0.307198 0.372244 0.0431639 0.106618 0.719489 83
0 0.444402 0.423912 0.0506111 0.101224 0.713533 8
0 0.524035 0.263254 0.0505145 0.0722831 0.529827 62
0 0.436972 0.358176 0.0554319 0.0831506 0.201926 110
0 0.532548 0.454366 0.0510109 0.124196 0.462978 7
0 0.536054 0.361268 0.0300241 0.0755743 0.147251 115
