0 0.142817 0.493916 0.0309878 0.12964 0.842831 1
0 0.463929 0.501355 0.03091 0.148673 0.756924 2
0 0.577363 0.712201 0.0312272 0.164737 0.737664 3
0 0.427117 0.337243 0.0374117 0.0959388 0.418702 4
0 0.390879 0.725091 0.0431993 0.159374 0.667598 5
0 0.777183 0.404711 0.0335503 0.121442 0.280662 6
0 0.533036 0.485917 0.0428597 0.116667 0.419679 7
0 0.430742 0.45076 0.0361847 0.112628 0.286564 8
0 0.424357 0.0281985 0.0191541 0.0538519 0.737786 9
0 0.315281 0.488251 0.0233468 0.102858 0.455675 10
0 0.529222 0.285269 0.0425611 0.0924102 0.263482 11
0 0.442893 0.385766 0.0357938 0.0743332 0.118912 12
0 0.319557 0.241936 0.0236997 0.12816 0.322826 14
0 0.545045 0.0134418 0.0109751 0.0258812 0.404197 15
