0 0.0204277 0.526696 0.0408554 0.141503 0.864183 1
0 0.555442 0.735778 0.0658349 0.149575 0.84128 3
0 0.443928 0.276542 0.0584933 0.0860912 0.203399 4
0 0.28674 0.764184 0.0517352 0.16168 0.87253 5
0 0.789392 0.346273 0.041117 0.112542 0.872562 6
0 0.292543 0.187142 0.0355258 0.106596 0.896226 14
0 0.417432 0.248195 0.0315505 0.105379 0.58512 37
0 0.506205 0.267059 0.0819215 0.133256 0.218656 62
0 0.563014 0.360191 0.0524734 0.141773 0.88073 115
0 0.332817 0.437155 0.0592353 0.129439 0.736787 10
0 0.442613 0.388483 0.0867973 0.173929 0.313787 8
0 0.508006 0.448286 0.0736845 0.162845 0.73451 7
0 0.506416 0.255335 0.0535208 0.105849 0.341699 138
0 0.483964 0.491124 0.081099 0.157121 0.540141 2
