0 0.0117823 0.700349 0.0235646 0.127497 0.388926 5
0 0.357894 0.556374 0.085243 0.254739 0.704924 10
0 0.528073 0.606273 0.0695639 0.268951 0.746461 2
0 0.175662 0.500328 0.0882589 0.161045 0.811631 83
0 0.594828 0.610078 0.0948452 0.272916 0.853472 7
0 0.457034 0.561015 0.0663692 0.248914 0.700704 220
0 0.434505 0.320749 0.0686265 0.220557 0.905642 47
0 0.0334156 0.731367 0.0668313 0.255665 0.85653 3
0 0.409742 0.547499 0.0521773 0.241611 0.647452 229
0 0.699479 0.501051 0.112958 0.139895 0.847709 209
0 0.237225 0.482788 0.100845 0.167108 0.655919 62
0 0.48434 0.439371 0.0733593 0.168791 0.151308 189
0 0.0193493 0.431276 0.0334072 0.203059 0.890306 243
