0 0.0274571 0.844163 0.0549143 0.265055 0.898838 5
0 0.389436 0.596277 0.0700754 0.215704 0.7956 10
0 0.523817 0.614785 0.0758552 0.279137 0.536596 2
0 0.24475 0.500332 0.0639932 0.135874 0.788297 83
0 0.566509 0.606 0.0739731 0.238133 0.819322 7
0 0.332752 0.485338 0.0599671 0.178788 0.895681 217
0 0.473809 0.563055 0.0471045 0.197617 0.336414 220
0 0.393934 0.38693 0.0748143 0.206597 0.881712 47
0 0.151851 0.770284 0.0757135 0.225388 0.903553 3
0 0.444996 0.409217 0.0424568 0.123187 0.666426 37
0 0.49774 0.405709 0.0553674 0.132499 0.639574 189
0 0.435273 0.585074 0.0430606 0.205922 0.439272 229
0 0.644855 0.537431 0.10605 0.110365 0.844877 209
