0 0.0339729 0.523701 0.0463164 0.130059 0.90169 1
0 0.453844 0.523028 0.0666591 0.108909 0.854606 2
0 0.583433 0.72056 0.0668935 0.166489 0.919897 3
0 0.423477 0.291972 0.0529634 0.0763706 0.768214 4
0 0.347369 0.750075 0.0418656 0.135286 0.881952 5
0 0.809202 0.362916 0.041702 0.136261 0.881324 6
0 0.309541 0.451945 0.0446723 0.128696 0.815251 10
0 0.323369 0.189848 0.0316071 0.121367 0.879136 14
0 0.403096 0.238719 0.0291393 0.126408 0.8356 37
0 0.332299 0.313233 0.0369683 0.130721 0.79078 47
0 0.302408 0.370707 0.0389452 0.0969776 0.720605 83
0 0.44373 0.420144 0.0532425 0.108881 0.730802 8
0 0.526299 0.250675 0.0437872 0.0615076 0.313208 62
0 0.434341 0.354715 0.0593907 0.0865017 0.64844 110
0 0.530844 0.44401 0.0602419 0.144367 0.655114 7
0 0.530043 0.36343 0.0500731 0.116196 0.180641 115
0 0.578466 0.982567 0.024024 0.0348665 0.240103 127
0 0.508484 0.305636 0.0639358 0.0877441 0.320328 128
