0 0.0510923 0.521096 0.0429707 0.131871 0.898317 1
0 0.45546 0.523064 0.065995 0.105878 0.841959 2
0 0.581969 0.717425 0.0660277 0.162807 0.903437 3
0 0.423932 0.295802 0.0527972 0.0764088 0.80557 4
0 0.376511 0.750076 0.0416741 0.134574 0.82911 5
0 0.803674 0.36508 0.0409905 0.133243 0.868771 6
0 0.31012 0.454225 0.0436755 0.125165 0.678536 10
0 0.326624 0.196502 0.0305538 0.117389 0.848127 14
0 0.403323 0.243119 0.0275836 0.123787 0.83954 37
0 0.334354 0.313918 0.0356954 0.133335 0.790353 47
0 0.305579 0.368274 0.0403639 0.0984682 0.762588 83
0 0.443616 0.424328 0.0504402 0.102167 0.768425 8
0 0.524519 0.259592 0.0493748 0.0707345 0.382729 62
0 0.436231 0.357532 0.0579092 0.0866293 0.616211 110
0 0.531422 0.449084 0.055155 0.134191 0.562198 7
0 0.536192 0.371075 0.0402413 0.102799 0.133537 115
