0 0.303037 0.515398 0.059243 0.185188 0.542797 10
0 0.520777 0.562613 0.0841992 0.307087 0.780029 2
0 0.129884 0.495013 0.109855 0.191543 0.860404 83
0 0.627612 0.588019 0.101689 0.303254 0.83912 7
0 0.400169 0.514089 0.0769763 0.278816 0.808329 220
0 0.445978 0.279399 0.0760598 0.258675 0.899441 47
0 0.338037 0.498391 0.0660102 0.289346 0.844853 229
0 0.725761 0.451336 0.1311 0.181825 0.901714 209
0 0.0790254 0.362623 0.0444001 0.238058 0.68819 243
0 0.590561 0.539322 0.0736012 0.316132 0.74801 250
0 0.627884 0.416388 0.0673316 0.145301 0.48976 254
0 0.92325 0.505736 0.0758824 0.156361 0.469976 233
0 0.461501 0.448347 0.111885 0.279698 0.565413 189
