0 0.503252 0.740879 0.0693758 0.159743 0.791674 3
0 0.246757 0.781065 0.0515146 0.166878 0.882845 5
0 0.279701 0.191599 0.0392881 0.103607 0.883408 14
0 0.414782 0.267345 0.0384044 0.114675 0.323899 37
0 0.579054 0.360748 0.0517875 0.143263 0.725792 115
0 0.359856 0.439037 0.0624823 0.134983 0.84506 10
0 0.490815 0.486801 0.0779871 0.167095 0.784544 2
0 0.331607 0.38717 0.0542769 0.128276 0.630946 83
0 0.477672 0.299237 0.0937316 0.161657 0.204067 62
0 0.344689 0.32163 0.0373732 0.110401 0.486123 47
