0 0.458653 0.480459 0.105093 0.456327 0.879407 2
0 0.643806 0.610387 0.107289 0.428253 0.871523 7
0 0.239335 0.497088 0.116249 0.463779 0.822597 220
0 0.493378 0.186538 0.0899849 0.350784 0.803133 47
0 0.170648 0.473378 0.0909743 0.432045 0.864689 229
0 0.547789 0.525245 0.0908958 0.460429 0.866023 250
0 0.129199 0.360808 0.109124 0.435568 0.873022 288
0 0.556856 0.279252 0.0946573 0.214189 0.584862 290
0 0.0478067 0.47516 0.0956134 0.440867 0.920753 10
0 0.0579211 0.27432 0.0798329 0.394475 0.828426 296
0 0.380365 0.492479 0.184353 0.377462 0.767066 301
0 0.625476 0.340567 0.0836118 0.209928 0.454311 285
0 0.623781 0.43977 0.0947225 0.409615 0.275063 306
