0 0.462417 0.517256 0.0843215 0.338507 0.621084 2
0 0.0341871 0.547372 0.0683743 0.158354 0.782613 83
0 0.61102 0.599258 0.0962496 0.351943 0.884673 7
0 0.288988 0.48755 0.0934939 0.351022 0.896989 220
0 0.449927 0.237474 0.0741071 0.307591 0.87392 47
0 0.237196 0.45136 0.081092 0.348597 0.696369 229
0 0.688537 0.374473 0.154458 0.277419 0.904387 209
0 0.135087 0.30649 0.0640651 0.286745 0.857462 243
0 0.559867 0.550584 0.0774836 0.360138 0.792081 250
0 0.964954 0.418831 0.0700914 0.277009 0.846699 233
0 0.523918 0.48425 0.0562219 0.307386 0.571853 278
0 0.643412 0.521474 0.148249 0.3696 0.549218 254
