0 0.0523438 0.575905 0.0405134 0.12268 0.888454 1
0 0.456788 0.530217 0.056201 0.0982812 0.778209 2
0 0.573982 0.708633 0.0578801 0.148152 0.910976 3
0 0.428608 0.321848 0.0466722 0.0677941 0.813286 4
0 0.445503 0.742309 0.0427498 0.124969 0.838442 5
0 0.776322 0.38608 0.03757 0.122665 0.874602 6
0 0.529393 0.469975 0.0461306 0.109441 0.685786 7
0 0.318711 0.468666 0.0383728 0.11181 0.502341 10
0 0.315568 0.231507 0.0308192 0.104942 0.816033 14
0 0.397312 0.2731 0.0238584 0.122264 0.833921 37
0 0.325821 0.352384 0.0368118 0.0987223 0.427014 47
0 0.310688 0.400764 0.0304581 0.0794196 0.366266 83
0 0.446424 0.439418 0.0490881 0.0940115 0.720849 8
0 0.43974 0.379064 0.0515197 0.0811903 0.629756 12
0 0.521293 0.289434 0.0422421 0.0640296 0.43144 62
