0 0.0624238 0.541217 0.0413637 0.127555 0.860402 1
0 0.455985 0.526045 0.0639347 0.103601 0.834706 2
0 0.578591 0.714108 0.0632598 0.155772 0.905535 3
0 0.426853 0.307014 0.0509159 0.0727906 0.782586 4
0 0.423181 0.746542 0.0477471 0.142299 0.845523 5
0 0.793055 0.372827 0.0400012 0.129135 0.881094 6
0 0.315891 0.459047 0.0437911 0.122582 0.709239 10
0 0.317685 0.206898 0.0358234 0.117193 0.839406 14
0 0.405104 0.254989 0.0262288 0.120991 0.833317 37
0 0.337844 0.322571 0.0382618 0.130872 0.781435 47
0 0.311276 0.377908 0.0368452 0.0903304 0.668327 83
0 0.441049 0.428661 0.0521769 0.100099 0.628767 8
0 0.522875 0.270846 0.0493223 0.0695385 0.46535 62
0 0.437216 0.36559 0.0556869 0.0816419 0.35514 110
0 0.530914 0.455988 0.052367 0.127979 0.463257 7
0 0.527797 0.372311 0.0496436 0.125223 0.351636 115
