0 0.13573 0.544417 0.031465 0.128605 0.864538 1
0 0.448686 0.525807 0.0390537 0.134058 0.847567 2
0 0.570074 0.717586 0.0357394 0.155191 0.898017 3
0 0.434635 0.340305 0.0395712 0.0747631 0.789899 4
0 0.440983 0.740101 0.0351855 0.154084 0.824982 5
0 0.774101 0.405431 0.0368406 0.120572 0.876952 6
0 0.53022 0.476207 0.0502785 0.13155 0.374696 7
0 0.442633 0.455427 0.0395792 0.092782 0.797535 8
0 0.427986 0.0245224 0.0211532 0.0486276 0.722283 9
0 0.323717 0.484524 0.031709 0.1147 0.527379 10
0 0.446643 0.38914 0.0333561 0.0611151 0.281473 12
0 0.31904 0.2497 0.0217108 0.110608 0.854511 14
0 0.543954 0.0109811 0.0104558 0.0217069 0.351679 15
0 0.360858 0.285275 0.0240746 0.119706 0.810096 37
0 0.320845 0.371501 0.0343712 0.163557 0.616727 47
0 0.151241 0.0188932 0.0135921 0.0377865 0.218223 49
0 0.531416 0.302454 0.0347594 0.0726962 0.388515 62
0 0.236104 0.0210968 0.0258741 0.0413349 0.469506 28
0 0.464982 0.012086 0.0150227 0.0238229 0.269222 65
