0 0.0224565 0.525155 0.044913 0.140719 0.885752 1
0 0.564259 0.737941 0.0635897 0.148363 0.761972 3
0 0.4438 0.274768 0.057195 0.0815322 0.344752 4
0 0.298674 0.76427 0.0516561 0.158092 0.884185 5
0 0.797611 0.352332 0.0419803 0.124772 0.874939 6
0 0.299732 0.185124 0.0351786 0.110236 0.892692 14
0 0.412197 0.252255 0.03413 0.117678 0.768649 37
0 0.310415 0.394539 0.0490297 0.119158 0.525924 83
0 0.513308 0.259212 0.0765096 0.121601 0.362438 62
0 0.557323 0.359583 0.0525155 0.140192 0.868226 115
0 0.325017 0.437165 0.0569515 0.126555 0.729525 10
0 0.443391 0.38971 0.0821174 0.166216 0.212701 8
0 0.515229 0.458241 0.0747513 0.17048 0.681457 7
0 0.337312 0.298834 0.0309015 0.0902028 0.414517 47
