0 0.141017 0.498716 0.0325375 0.135969 0.84781 1
0 0.465663 0.501979 0.0305152 0.148487 0.714208 2
0 0.575909 0.71238 0.0320945 0.171176 0.606647 3
0 0.427635 0.338803 0.0366184 0.0935121 0.595807 4
0 0.395923 0.726498 0.0422491 0.15862 0.823328 5
0 0.776945 0.407176 0.032552 0.117145 0.159112 6
0 0.532737 0.474764 0.0510469 0.139702 0.556162 7
0 0.429553 0.453496 0.0345706 0.107654 0.358576 8
0 0.424633 0.0283074 0.0193984 0.0545083 0.751866 9
0 0.31468 0.488674 0.0223924 0.0978046 0.455856 10
0 0.528772 0.287234 0.0440731 0.0951218 0.424765 11
0 0.443015 0.38862 0.0374825 0.0777827 0.168418 12
0 0.319543 0.238189 0.0222082 0.118998 0.441801 14
0 0.545139 0.0135718 0.0111646 0.0262136 0.41396 15
