0 0.13668 0.554896 0.032024 0.124199 0.876559 1
0 0.443484 0.526713 0.042874 0.126388 0.834254 2
0 0.573825 0.717207 0.0424557 0.14936 0.914547 3
0 0.431286 0.338083 0.0415351 0.0705729 0.791366 4
0 0.4462 0.74442 0.0334294 0.138018 0.841739 5
0 0.77297 0.401989 0.0372441 0.121142 0.875337 6
0 0.533257 0.485353 0.0400428 0.104047 0.629403 7
0 0.441045 0.452353 0.0428418 0.0935081 0.515458 8
0 0.42607 0.0230878 0.0209034 0.0451729 0.555602 9
0 0.323024 0.483023 0.0334349 0.111743 0.617843 10
0 0.447433 0.389323 0.0365182 0.063249 0.286631 12
0 0.321054 0.24962 0.0237396 0.105829 0.87927 14
0 0.542408 0.0094845 0.0099354 0.018969 0.361172 15
0 0.370284 0.284207 0.0244806 0.121472 0.830428 37
0 0.322045 0.381757 0.034964 0.151608 0.27203 47
0 0.149919 0.0187236 0.0137687 0.0366975 0.16591 49
0 0.529166 0.296415 0.0368294 0.0761284 0.525984 62
0 0.237376 0.0203232 0.0240103 0.0387773 0.343087 28
0 0.463186 0.00977327 0.0123712 0.019044 0.292619 65
0 0.289408 0.0141307 0.0250514 0.0280547 0.299008 71
0 0.442825 0.428156 0.0530074 0.142261 0.337209 79
0 0.0151945 0.0213602 0.0252115 0.0419907 0.37938 80
0 0.512545 0.340933 0.0512794 0.0864864 0.34897 81
