0 0.0131786 0.721723 0.0263573 0.133467 0.538912 5
0 0.364858 0.569794 0.084803 0.245178 0.396221 10
0 0.540803 0.610846 0.067511 0.264312 0.23448 2
0 0.186125 0.499878 0.0971278 0.175722 0.487541 83
0 0.58108 0.611988 0.0915178 0.266329 0.598022 7
0 0.465346 0.571691 0.0639363 0.245408 0.716474 220
0 0.428107 0.327561 0.066205 0.210808 0.826171 47
0 0.0427286 0.745275 0.0825303 0.262024 0.766512 3
0 0.420028 0.572189 0.0466326 0.215701 0.429009 229
0 0.694035 0.506634 0.109945 0.134002 0.858147 209
0 0.822847 0.552592 0.0503466 0.105239 0.720143 233
0 0.253235 0.486321 0.0906969 0.146316 0.187517 62
0 0.486307 0.434557 0.073312 0.169953 0.358721 189
