0 0.138213 0.521556 0.0320095 0.135021 0.867393 1
0 0.468627 0.519004 0.0296627 0.148596 0.797567 2
0 0.56111 0.718035 0.031138 0.161523 0.853061 3
0 0.430228 0.343692 0.0326782 0.075747 0.821424 4
0 0.421022 0.733158 0.0380327 0.158796 0.843251 5
0 0.774721 0.408268 0.0356017 0.120311 0.864019 6
0 0.536632 0.489787 0.0389766 0.107211 0.523885 7
0 0.437302 0.455166 0.0356842 0.0985833 0.769263 8
0 0.42777 0.0260735 0.0205747 0.0518 0.675429 9
0 0.323004 0.473228 0.032701 0.132279 0.703049 10
0 0.518145 0.345177 0.0834294 0.20116 0.511696 11
0 0.445869 0.38968 0.0322288 0.0632306 0.595439 12
0 0.319834 0.247298 0.0225255 0.119529 0.765422 14
0 0.545121 0.0126611 0.0108873 0.0241519 0.294078 15
0 0.345102 0.287708 0.0225458 0.119927 0.823234 37
0 0.0562176 0.0245165 0.0232109 0.0479036 0.553565 44
0 0.31647 0.371645 0.0299015 0.149823 0.52281 47
0 0.32108 0.358989 0.0212791 0.123213 0.342367 48
0 0.153505 0.0204832 0.0145696 0.040378 0.340238 49
