0 0.454988 0.472789 0.104853 0.469689 0.887234 2
0 0.653458 0.618372 0.10962 0.44394 0.874647 7
0 0.256726 0.501116 0.116957 0.472355 0.879073 220
0 0.517958 0.190794 0.0958873 0.380973 0.588698 47
0 0.178406 0.465364 0.0969898 0.450392 0.834592 229
0 0.548917 0.51609 0.0927415 0.462094 0.875333 250
0 0.135617 0.363533 0.105139 0.44746 0.895464 288
0 0.573295 0.2757 0.10087 0.241293 0.155867 290
0 0.0387893 0.478995 0.0775787 0.451125 0.602178 10
0 0.0429402 0.27327 0.0844962 0.411774 0.919496 296
0 0.383159 0.473746 0.197186 0.447847 0.742783 301
0 0.624466 0.327034 0.0843673 0.219053 0.652992 285
0 0.612433 0.561411 0.0926549 0.409567 0.298542 306
