0 0.0736241 0.832605 0.0642987 0.202217 0.91812 5
0 0.290831 0.235061 0.0472132 0.116841 0.863221 14
0 0.655316 0.378369 0.0597943 0.168393 0.859434 115
0 0.359038 0.466497 0.067126 0.171085 0.625175 10
0 0.433692 0.511151 0.0707661 0.179115 0.879369 2
0 0.341481 0.377223 0.0542594 0.153795 0.639922 83
0 0.320735 0.737364 0.0551477 0.1421 0.750223 169
0 0.406717 0.431211 0.060708 0.21199 0.345048 181
0 0.473666 0.366922 0.0713985 0.119564 0.495348 110
0 0.569561 0.37755 0.0447765 0.123761 0.718715 189
0 0.459824 0.481633 0.0684627 0.147149 0.672899 7
