0 0.0543462 0.550728 0.0421581 0.133012 0.900158 1
0 0.456482 0.526907 0.06281 0.102435 0.809944 2
0 0.577639 0.712971 0.0620867 0.153712 0.912316 3
0 0.425932 0.309724 0.0510003 0.072177 0.7999 4
0 0.437749 0.745842 0.0470371 0.13849 0.838719 5
0 0.789256 0.375975 0.0393511 0.127272 0.887978 6
0 0.317201 0.462387 0.0426604 0.117581 0.685526 10
0 0.309928 0.213943 0.034198 0.111894 0.88044 14
0 0.404366 0.255701 0.0257117 0.118808 0.829082 37
0 0.336276 0.327147 0.0399644 0.127942 0.739427 47
0 0.309862 0.384395 0.0325419 0.0824925 0.724638 83
0 0.442276 0.43182 0.0485476 0.0970648 0.680536 8
0 0.522623 0.274748 0.0465664 0.0659877 0.452282 62
0 0.438008 0.367934 0.0559287 0.0817135 0.464166 110
0 0.531091 0.454788 0.0542454 0.131845 0.621109 7
