0 0.0319825 0.522894 0.0470878 0.132312 0.891817 1
0 0.45401 0.522772 0.0684748 0.112047 0.826149 2
0 0.583585 0.721006 0.0669373 0.166998 0.919665 3
0 0.423672 0.290363 0.0539573 0.0777005 0.738257 4
0 0.342711 0.751798 0.0413958 0.133045 0.859021 5
0 0.809822 0.362646 0.0419197 0.136944 0.879916 6
0 0.307567 0.449341 0.0464057 0.129243 0.764201 10
0 0.322887 0.18848 0.0320929 0.121887 0.885752 14
0 0.40362 0.238732 0.0296858 0.126775 0.827362 37
0 0.332742 0.312442 0.0377364 0.13137 0.812599 47
0 0.303666 0.368198 0.0382819 0.0953593 0.732853 83
0 0.445798 0.413981 0.0583131 0.118507 0.423677 8
0 0.523887 0.248783 0.0462447 0.0629608 0.374505 62
0 0.437901 0.348795 0.0658097 0.0969556 0.587139 110
0 0.531175 0.446696 0.0592504 0.14231 0.62859 7
0 0.538056 0.362409 0.0470727 0.110572 0.485626 115
0 0.579062 0.983514 0.0220548 0.0329718 0.235499 127
0 0.505849 0.309287 0.0725649 0.103983 0.165627 128
