0 0.453005 0.471793 0.105694 0.477654 0.90208 2
0 0.658712 0.632663 0.116076 0.471415 0.851447 7
0 0.257845 0.501411 0.122812 0.488112 0.884432 220
0 0.529009 0.256537 0.122082 0.513074 0.745782 47
0 0.19556 0.4701 0.0953251 0.454734 0.74371 229
0 0.554946 0.51366 0.0953621 0.471235 0.841933 250
0 0.139963 0.370522 0.107566 0.467098 0.902669 288
0 0.030691 0.470128 0.061382 0.427093 0.850906 10
0 0.0429362 0.277129 0.0858725 0.427902 0.93187 296
0 0.38342 0.44314 0.186861 0.461162 0.799558 301
0 0.618917 0.318887 0.0812335 0.215063 0.665681 285
0 0.612763 0.572336 0.096525 0.43717 0.608634 306
