0 0.049453 0.575639 0.0406428 0.122715 0.888138 1
0 0.456659 0.530144 0.0567943 0.098461 0.765884 2
0 0.574252 0.708836 0.058161 0.148246 0.90858 3
0 0.428425 0.321078 0.0474019 0.0686878 0.830121 4
0 0.44512 0.742321 0.04313 0.125198 0.83007 5
0 0.777138 0.38573 0.0376611 0.122865 0.870123 6
0 0.529403 0.46932 0.046507 0.11009 0.684988 7
0 0.31918 0.468083 0.0388333 0.112862 0.482057 10
0 0.315188 0.230497 0.0309274 0.104755 0.825907 14
0 0.397614 0.272924 0.0239424 0.122241 0.833376 37
0 0.325818 0.351478 0.0374518 0.100079 0.384183 47
0 0.310607 0.399218 0.0311304 0.0804805 0.32631 83
0 0.446318 0.439185 0.0485641 0.0936557 0.712987 8
0 0.438773 0.37896 0.0510306 0.0801873 0.562069 12
0 0.521478 0.288649 0.0427522 0.0642065 0.444298 62
