0 0.136398 0.53251 0.0326098 0.133287 0.873979 1
0 0.460403 0.521734 0.0324127 0.142307 0.847675 2
0 0.56089 0.718374 0.0312575 0.159907 0.869292 3
0 0.432566 0.345343 0.0326675 0.0685952 0.828012 4
0 0.4334 0.735754 0.0369726 0.15985 0.868372 5
0 0.774134 0.405961 0.0364098 0.121629 0.8774 6
0 0.530363 0.474231 0.0508865 0.137573 0.486229 7
0 0.440219 0.456082 0.0369663 0.0948199 0.81805 8
0 0.427975 0.0252117 0.0211001 0.0504234 0.72357 9
0 0.324257 0.478644 0.0325793 0.128122 0.640712 10
0 0.445973 0.390637 0.0344634 0.0665783 0.561816 12
0 0.31844 0.247992 0.0223545 0.117701 0.820349 14
0 0.54449 0.0119078 0.0107189 0.0231163 0.326373 15
0 0.352894 0.287072 0.0239219 0.118703 0.863675 37
0 0.0430339 0.0238565 0.0235109 0.047039 0.479723 44
0 0.317648 0.371275 0.0314352 0.156395 0.568772 47
0 0.15343 0.0194712 0.0136245 0.038066 0.260645 49
0 0.237061 0.0201377 0.0239279 0.0391789 0.499776 28
