0 0.0330574 0.523205 0.0468937 0.131429 0.895041 1
0 0.453897 0.523179 0.0676505 0.110637 0.850416 2
0 0.583603 0.720867 0.0669295 0.166809 0.918281 3
0 0.423616 0.291226 0.0534737 0.077009 0.779826 4
0 0.344797 0.750995 0.0415517 0.133994 0.876017 5
0 0.809595 0.362646 0.0417609 0.136447 0.879965 6
0 0.309027 0.450764 0.0458445 0.130563 0.789852 10
0 0.323151 0.189159 0.0319553 0.122125 0.8866 14
0 0.403379 0.238582 0.0294779 0.126905 0.83668 37
0 0.332568 0.312622 0.0375008 0.131646 0.831225 47
0 0.303269 0.368238 0.0386896 0.0963104 0.727834 83
0 0.446048 0.41726 0.0553615 0.11276 0.670596 8
0 0.524537 0.250155 0.0457894 0.0633147 0.420724 62
0 0.43576 0.350932 0.0630209 0.0923344 0.632916 110
0 0.531068 0.445311 0.0601937 0.144617 0.204763 7
0 0.535705 0.363793 0.0476186 0.111101 0.365681 115
0 0.578812 0.983135 0.0229194 0.0337297 0.215075 127
0 0.508863 0.30453 0.0657966 0.0916377 0.165232 128
0 0.535838 0.459984 0.0443418 0.115978 0.41126 105
