0 0.0360576 0.877626 0.0640808 0.23623 0.881298 5
0 0.42683 0.578116 0.074958 0.211368 0.458629 10
0 0.492967 0.564566 0.0773828 0.279067 0.673365 2
0 0.332302 0.45171 0.0602885 0.191186 0.864561 83
0 0.259163 0.761461 0.0620803 0.198093 0.88916 169
0 0.536049 0.554431 0.076494 0.228621 0.65017 7
0 0.969345 0.44617 0.0613089 0.182829 0.898688 208
0 0.562418 0.41966 0.0778982 0.11366 0.784995 110
0 0.376426 0.435691 0.0660852 0.212329 0.461202 217
0 0.488544 0.367757 0.0645449 0.124579 0.633784 4
0 0.455628 0.560444 0.0480933 0.207946 0.429238 220
