0 0.0306473 0.522799 0.0470867 0.132885 0.901884 1
0 0.455253 0.517672 0.0741138 0.121861 0.824955 2
0 0.582686 0.721102 0.0666594 0.166751 0.918401 3
0 0.424716 0.286992 0.0593671 0.0859122 0.772443 4
0 0.338434 0.755529 0.0421289 0.13303 0.877499 5
0 0.809419 0.362476 0.0419186 0.137262 0.880218 6
0 0.321838 0.186871 0.0320296 0.120381 0.884346 14
0 0.403595 0.239541 0.0293026 0.122107 0.852533 37
0 0.332953 0.312818 0.0371595 0.127827 0.71558 47
0 0.305142 0.373263 0.0393471 0.0986977 0.565091 83
0 0.526167 0.24815 0.0492931 0.0680694 0.300954 62
0 0.44239 0.348189 0.0695282 0.104012 0.439631 110
0 0.543846 0.357046 0.0482589 0.116941 0.577269 115
0 0.579668 0.984259 0.0206358 0.031483 0.217924 127
0 0.502486 0.309702 0.0790053 0.117354 0.109815 128
0 0.538844 0.45666 0.0499055 0.128581 0.861878 105
