0 0.136581 0.551438 0.0318671 0.12557 0.871494 1
0 0.443798 0.526381 0.0421811 0.128505 0.837555 2
0 0.573698 0.718225 0.0405455 0.149568 0.911601 3
0 0.432555 0.337437 0.0406712 0.0706785 0.776694 4
0 0.444007 0.743526 0.0331503 0.141822 0.834505 5
0 0.772998 0.403376 0.0371 0.120496 0.869136 6
0 0.532983 0.483419 0.0422164 0.110292 0.464661 7
0 0.4409 0.452953 0.0421529 0.0933973 0.476543 8
0 0.426651 0.0232852 0.0209495 0.0460251 0.717529 9
0 0.323189 0.48303 0.0332135 0.112896 0.595375 10
0 0.447453 0.388961 0.0364177 0.06392 0.28961 12
0 0.32106 0.24995 0.0230429 0.105939 0.827671 14
0 0.54278 0.0099156 0.0101348 0.0198312 0.462342 15
0 0.368746 0.284665 0.024475 0.122098 0.859645 37
0 0.321523 0.379389 0.0344512 0.152969 0.60207 47
0 0.149179 0.019224 0.0141114 0.0378924 0.105205 49
0 0.529734 0.294699 0.0362449 0.075044 0.746095 62
0 0.237126 0.0209544 0.0255513 0.0403948 0.511971 28
0 0.463412 0.0105484 0.0130658 0.0203925 0.229333 65
0 0.29209 0.0145846 0.0261828 0.0291692 0.275863 71
