0 0.0330698 0.873925 0.0653738 0.227896 0.86715 5
0 0.409198 0.575537 0.0737802 0.204648 0.824393 10
0 0.474927 0.551107 0.0793628 0.266773 0.597475 2
0 0.337924 0.450929 0.0616016 0.185297 0.813792 83
0 0.271483 0.77117 0.0684281 0.218748 0.905639 169
0 0.519032 0.544195 0.0738837 0.21401 0.754017 7
0 0.935634 0.438641 0.0651793 0.170662 0.921087 208
0 0.591519 0.510642 0.0771624 0.0704355 0.680067 209
0 0.571247 0.406139 0.0794544 0.115778 0.552211 110
0 0.446037 0.557169 0.0472816 0.187841 0.591373 216
0 0.373681 0.408141 0.0492885 0.158935 0.412302 217
0 0.470161 0.352571 0.0830361 0.146622 0.739649 4
