0 0.0617659 0.534864 0.043603 0.136916 0.882472 1
0 0.455118 0.52397 0.0654788 0.105819 0.830031 2
0 0.579799 0.714839 0.0643356 0.157955 0.892504 3
0 0.425612 0.300817 0.0513197 0.0741503 0.735461 4
0 0.404135 0.749544 0.0486617 0.142238 0.851188 5
0 0.7978 0.368723 0.0407526 0.132119 0.876359 6
0 0.313565 0.456444 0.0437539 0.124402 0.740935 10
0 0.325394 0.201987 0.0334304 0.116981 0.874128 14
0 0.404455 0.24885 0.026392 0.120943 0.828236 37
0 0.336704 0.316019 0.0373596 0.136835 0.792828 47
0 0.308705 0.371213 0.0396379 0.0968238 0.724027 83
0 0.444198 0.426053 0.0510398 0.100217 0.749813 8
0 0.524273 0.264771 0.04973 0.0710873 0.41234 62
0 0.436542 0.361339 0.0576878 0.086116 0.627644 110
0 0.529814 0.448793 0.0548448 0.137128 0.478556 7
0 0.53286 0.370888 0.042905 0.110678 0.192266 115
