0 0.138079 0.508026 0.0314921 0.13172 0.843779 1
0 0.468274 0.511423 0.0303828 0.157534 0.812142 2
0 0.568603 0.716682 0.0302603 0.162938 0.839695 3
0 0.428516 0.340222 0.0350072 0.0873239 0.834865 4
0 0.407381 0.731923 0.0407205 0.160926 0.876682 5
0 0.775679 0.409044 0.0325547 0.112479 0.13002 6
0 0.531996 0.469941 0.0531997 0.149093 0.629346 7
0 0.434314 0.452381 0.0353401 0.105097 0.655604 8
0 0.427721 0.0269968 0.0194319 0.0530232 0.356055 9
0 0.317141 0.478349 0.0274772 0.115438 0.441459 10
0 0.522556 0.327464 0.0767759 0.169433 0.494037 11
0 0.443718 0.39312 0.036278 0.0737124 0.412761 12
0 0.31936 0.243024 0.0224612 0.118663 0.622306 14
0 0.545227 0.0129512 0.0109137 0.0250642 0.126976 15
0 0.217807 0.0242456 0.0300888 0.0469093 0.423282 28
0 0.335118 0.290794 0.0224403 0.118321 0.536435 37
