0 0.058888 0.574093 0.0398886 0.122147 0.881793 1
0 0.45673 0.530347 0.0546173 0.097333 0.749247 2
0 0.573729 0.707551 0.0573496 0.148275 0.915076 3
0 0.428869 0.323047 0.0465645 0.068299 0.810326 4
0 0.446193 0.741867 0.0421117 0.125013 0.830007 5
0 0.774852 0.386919 0.0373771 0.122203 0.883894 6
0 0.529586 0.46996 0.0459235 0.109594 0.565778 7
0 0.319876 0.468517 0.0385436 0.11216 0.582045 10
0 0.316407 0.233287 0.0304088 0.104825 0.8503 14
0 0.396121 0.273263 0.02378 0.121465 0.839015 37
0 0.325879 0.351966 0.0356822 0.0968289 0.500856 47
0 0.311506 0.405125 0.0318593 0.0847603 0.469286 83
0 0.446507 0.439355 0.0498141 0.0937319 0.664989 8
0 0.439144 0.380936 0.0515947 0.0823128 0.547645 12
0 0.521276 0.290601 0.0409439 0.0636707 0.300226 62
