0 0.0223315 0.756084 0.0420553 0.179726 0.803424 5
0 0.363884 0.58564 0.0791787 0.224691 0.886281 10
0 0.541375 0.616378 0.0677351 0.26963 0.413355 2
0 0.205379 0.521682 0.0731823 0.131667 0.5284 83
0 0.590151 0.614638 0.0816496 0.25971 0.795898 7
0 0.470633 0.563199 0.064593 0.261365 0.646933 220
0 0.411754 0.338276 0.0692746 0.208923 0.861428 47
0 0.0758356 0.756062 0.0840247 0.249205 0.876509 3
0 0.426782 0.55894 0.0554483 0.26041 0.802837 229
0 0.68196 0.515169 0.10847 0.128401 0.883239 209
0 0.79401 0.56341 0.0576261 0.125497 0.726687 233
0 0.27867 0.497585 0.0975555 0.157817 0.822951 62
