0 0.0298786 0.522721 0.0470008 0.133033 0.902731 1
0 0.45836 0.513091 0.0783912 0.13008 0.777428 2
0 0.580734 0.7222 0.0657812 0.165083 0.909281 3
0 0.428027 0.283482 0.0627251 0.0909114 0.725294 4
0 0.333315 0.759817 0.0444161 0.138159 0.888182 5
0 0.80845 0.361688 0.0422516 0.139102 0.865824 6
0 0.319945 0.185722 0.0322954 0.119212 0.875374 14
0 0.403334 0.241016 0.0285582 0.114515 0.840892 37
0 0.333396 0.295866 0.0281994 0.0891901 0.58924 47
0 0.308889 0.367294 0.0404243 0.0992311 0.479261 83
0 0.526429 0.246941 0.0514274 0.0723735 0.185373 62
0 0.547717 0.357675 0.0459956 0.115059 0.565989 115
0 0.540559 0.457973 0.0516035 0.130572 0.806678 105
0 0.305787 0.448296 0.0498099 0.128405 0.732913 10
0 0.450193 0.389998 0.0787614 0.161982 0.711405 8
