0 0.0265565 0.522401 0.0473768 0.134615 0.889872 1
0 0.471263 0.503785 0.084734 0.149344 0.822421 2
0 0.57604 0.731819 0.0629925 0.156729 0.893842 3
0 0.436327 0.27986 0.0692513 0.0980598 0.59419 4
0 0.319524 0.764995 0.049007 0.148423 0.880617 5
0 0.807052 0.36029 0.0437036 0.142007 0.885755 6
0 0.311728 0.184853 0.0332309 0.115457 0.885236 14
0 0.404344 0.244237 0.0300544 0.108775 0.748441 37
0 0.307445 0.386158 0.0462268 0.110538 0.164128 83
0 0.521957 0.245366 0.0559779 0.0831565 0.626701 62
0 0.555233 0.362198 0.0464614 0.122536 0.78782 115
0 0.538701 0.458073 0.0543244 0.135238 0.797683 105
0 0.316141 0.438222 0.051719 0.124883 0.738738 10
0 0.449316 0.385384 0.0824246 0.170198 0.627776 8
0 0.503598 0.272964 0.050049 0.099211 0.509395 138
