0 0.0321738 0.857914 0.0643475 0.223109 0.858272 5
0 0.760546 0.389919 0.0623285 0.173924 0.883623 115
0 0.375186 0.493489 0.080899 0.21414 0.573197 10
0 0.427679 0.530023 0.066851 0.195688 0.823325 2
0 0.342469 0.402404 0.0598849 0.166306 0.762872 83
0 0.296132 0.753798 0.0690986 0.194346 0.880129 169
0 0.539506 0.385241 0.0543122 0.153837 0.881368 189
0 0.370908 0.321109 0.085335 0.147457 0.450027 194
0 0.468893 0.495054 0.0623339 0.159913 0.701933 7
0 0.508376 0.392267 0.0846284 0.131619 0.61568 110
