0 0.064194 0.572344 0.0390991 0.120678 0.888485 1
0 0.456856 0.53041 0.0539575 0.0972903 0.740339 2
0 0.573578 0.706624 0.0570099 0.148191 0.916209 3
0 0.428816 0.323456 0.0463678 0.0682153 0.810837 4
0 0.446364 0.74057 0.0415348 0.124479 0.832771 5
0 0.773992 0.387257 0.0373089 0.122161 0.883004 6
0 0.529751 0.470573 0.0452861 0.108228 0.517842 7
0 0.320326 0.468636 0.0385168 0.112353 0.676476 10
0 0.316683 0.234288 0.0301794 0.104533 0.865912 14
0 0.395258 0.27332 0.0239713 0.121906 0.839321 37
0 0.326004 0.352094 0.0355436 0.0974254 0.539919 47
0 0.31178 0.405599 0.0321846 0.0862279 0.520167 83
0 0.446447 0.438672 0.0502771 0.0937739 0.678986 8
0 0.519944 0.421894 0.041228 0.119423 0.104405 95
0 0.438892 0.381748 0.0516803 0.0826372 0.498745 12
0 0.520994 0.290867 0.0399549 0.0630952 0.300967 62
