0 0.0325549 0.876518 0.0651097 0.23705 0.875403 5
0 0.404103 0.571782 0.0702101 0.190748 0.850589 10
0 0.464695 0.554691 0.0725481 0.232001 0.720217 2
0 0.340865 0.443961 0.0601148 0.176708 0.758067 83
0 0.274556 0.765689 0.0664111 0.208632 0.900451 169
0 0.509733 0.529649 0.0767098 0.217774 0.839721 7
0 0.912459 0.428087 0.0641063 0.168133 0.867323 208
0 0.578107 0.502757 0.0708947 0.0649197 0.682539 209
0 0.570358 0.397786 0.0817123 0.121361 0.847257 110
0 0.44656 0.338193 0.0654123 0.15184 0.705829 8
