0 0.127124 0.566993 0.0364447 0.124037 0.88945 1
0 0.44642 0.532274 0.0438255 0.107996 0.796797 2
0 0.57313 0.709981 0.0501787 0.148407 0.910666 3
0 0.428706 0.333217 0.043409 0.0683033 0.857355 4
0 0.446899 0.739896 0.0380038 0.132563 0.847884 5
0 0.771751 0.395022 0.0372493 0.121198 0.880018 6
0 0.527605 0.468957 0.0490189 0.125498 0.499434 7
0 0.424909 0.0196061 0.0194796 0.0383601 0.213144 9
0 0.322198 0.475876 0.0362235 0.112493 0.767714 10
0 0.446498 0.383963 0.0398466 0.0657642 0.469895 12
0 0.320099 0.24414 0.0266626 0.103834 0.873155 14
0 0.378712 0.278748 0.0227724 0.118496 0.848272 37
0 0.327901 0.363399 0.0279524 0.0959117 0.592913 47
0 0.290291 0.0100869 0.0185885 0.0196261 0.127615 71
0 0.513465 0.319449 0.0534931 0.0877899 0.100291 81
0 0.311653 0.408181 0.0261632 0.0778387 0.574421 83
0 0.441171 0.447293 0.0450645 0.0909953 0.748578 8
