0 0.0441543 0.573925 0.0421665 0.126751 0.87512 1
0 0.456785 0.530386 0.0578526 0.0981923 0.734115 2
0 0.57497 0.710009 0.0591717 0.149378 0.911066 3
0 0.428266 0.319079 0.0484682 0.0701845 0.828481 4
0 0.444486 0.744184 0.0442735 0.125718 0.824151 5
0 0.779593 0.38459 0.0379324 0.123601 0.868883 6
0 0.528999 0.466932 0.0487817 0.114708 0.632618 7
0 0.319785 0.466691 0.0400096 0.114532 0.708889 10
0 0.313675 0.228019 0.0314108 0.105298 0.811096 14
0 0.398319 0.273157 0.0247441 0.123935 0.850382 37
0 0.327014 0.346787 0.0409862 0.111976 0.672725 47
0 0.309727 0.394271 0.0321832 0.0797775 0.398982 83
0 0.445741 0.438709 0.047988 0.093795 0.711312 8
0 0.438421 0.377868 0.0506719 0.0784443 0.552973 12
0 0.522381 0.287325 0.0447661 0.0668218 0.356118 62
