0 0.0613293 0.542778 0.041343 0.128193 0.862842 1
0 0.456138 0.526147 0.0637582 0.103478 0.825131 2
0 0.5783 0.713687 0.0629828 0.155125 0.909814 3
0 0.426997 0.307416 0.05075 0.0723543 0.777052 4
0 0.427064 0.744988 0.0475791 0.143004 0.834091 5
0 0.791965 0.373533 0.0397245 0.128096 0.876189 6
0 0.316577 0.459693 0.0436715 0.121781 0.761196 10
0 0.314726 0.207849 0.0358909 0.11565 0.860623 14
0 0.405004 0.255623 0.0261662 0.12087 0.838054 37
0 0.337605 0.323057 0.0385497 0.130201 0.756261 47
0 0.311929 0.378026 0.0355319 0.0875029 0.596938 83
0 0.439338 0.428994 0.0520164 0.099629 0.692222 8
0 0.522943 0.271399 0.0486037 0.0684641 0.421451 62
0 0.4375 0.366294 0.0555486 0.0813566 0.393657 110
0 0.530481 0.456704 0.0519956 0.126946 0.428134 7
0 0.527747 0.374648 0.0493787 0.124443 0.322812 115
