0 0.135419 0.541961 0.032587 0.133575 0.860444 1
0 0.451504 0.524744 0.0374372 0.135702 0.828894 2
0 0.567397 0.717632 0.0342034 0.156834 0.893874 3
0 0.434369 0.342562 0.0375832 0.0724332 0.815536 4
0 0.438775 0.739228 0.0360055 0.156545 0.858666 5
0 0.774233 0.405524 0.036838 0.121231 0.876812 6
0 0.530689 0.477127 0.0497363 0.130311 0.538689 7
0 0.442728 0.455435 0.0394978 0.0944991 0.794897 8
0 0.428348 0.0246736 0.0211484 0.0491725 0.710687 9
0 0.323835 0.484042 0.0315101 0.116765 0.652657 10
0 0.446052 0.391691 0.0356511 0.0672874 0.489392 12
0 0.317705 0.249388 0.0215894 0.112836 0.85784 14
0 0.544175 0.0114341 0.0106401 0.0222685 0.330463 15
0 0.357857 0.285709 0.0242161 0.118415 0.829218 37
0 0.0366345 0.0232387 0.0242904 0.0450371 0.215052 44
0 0.320454 0.370076 0.0348729 0.168768 0.524398 47
0 0.152474 0.019355 0.0137483 0.03871 0.179386 49
0 0.532026 0.303397 0.0337772 0.0709495 0.150626 62
0 0.236058 0.0215469 0.0265371 0.0428359 0.624855 28
0 0.465427 0.0120832 0.0151203 0.0240011 0.338592 65
