0 0.0568793 0.548076 0.0418785 0.131328 0.875814 1
0 0.456275 0.526355 0.0634776 0.103283 0.819927 2
0 0.578094 0.713227 0.0625591 0.154394 0.911077 3
0 0.426902 0.308273 0.0505743 0.0716978 0.76238 4
0 0.432404 0.744738 0.0469877 0.141516 0.826703 5
0 0.790702 0.374393 0.0395131 0.127515 0.886475 6
0 0.316922 0.460612 0.0433467 0.119924 0.750066 10
0 0.311709 0.210128 0.0354424 0.114295 0.870222 14
0 0.404997 0.255813 0.0260695 0.120638 0.828728 37
0 0.337156 0.323497 0.0394566 0.129936 0.767197 47
0 0.309383 0.381198 0.0330577 0.0836863 0.587248 83
0 0.440203 0.429893 0.050202 0.0983179 0.688927 8
0 0.522748 0.272951 0.0477377 0.0672504 0.539834 62
0 0.436743 0.366471 0.057237 0.0837486 0.407848 110
0 0.53026 0.453332 0.054648 0.133821 0.449413 7
