0 0.275998 0.497347 0.0570106 0.171866 0.775586 10
0 0.510254 0.532531 0.0884151 0.335153 0.623855 2
0 0.0943018 0.508402 0.109576 0.187513 0.645263 83
0 0.625191 0.586786 0.0999429 0.31386 0.696851 7
0 0.372886 0.495293 0.0716096 0.273154 0.811079 220
0 0.445402 0.266445 0.0778011 0.272944 0.904569 47
0 0.321077 0.492191 0.0671475 0.290062 0.771899 229
0 0.722731 0.42583 0.13528 0.191566 0.932706 209
0 0.0987267 0.338378 0.0477111 0.238281 0.829672 243
0 0.583523 0.54793 0.0706653 0.309964 0.813351 250
0 0.951221 0.487209 0.0923139 0.187256 0.889428 233
0 0.4387 0.515831 0.086658 0.19955 0.377624 189
0 0.632076 0.420191 0.0760698 0.166996 0.371123 254
