0 0.457244 0.487234 0.10445 0.421052 0.786642 2
0 0.633077 0.614615 0.105825 0.413438 0.888589 7
0 0.21132 0.495865 0.121859 0.429385 0.899242 220
0 0.464576 0.167366 0.0759305 0.277136 0.875347 47
0 0.166872 0.476881 0.0922656 0.416543 0.850707 229
0 0.544027 0.492392 0.102964 0.5009 0.521212 250
0 0.139514 0.355044 0.118949 0.397451 0.831755 288
0 0.573679 0.244637 0.0754408 0.177086 0.707607 209
0 0.546897 0.302449 0.0849104 0.179508 0.410831 290
0 0.0724279 0.459922 0.0942959 0.370347 0.720248 10
0 0.0934424 0.277867 0.0726748 0.361635 0.715169 296
0 0.410113 0.5367 0.148232 0.282692 0.360006 301
0 0.614341 0.36828 0.0783995 0.193822 0.361573 285
