0 0.0431731 0.573015 0.0431772 0.130245 0.883844 1
0 0.45686 0.529854 0.0587068 0.0983631 0.740559 2
0 0.575329 0.711014 0.059777 0.150359 0.914585 3
0 0.428422 0.318107 0.0479317 0.0693413 0.797544 4
0 0.444105 0.743885 0.0459349 0.128783 0.813673 5
0 0.781195 0.383498 0.0381663 0.124102 0.877378 6
0 0.530155 0.46664 0.0483767 0.114241 0.614185 7
0 0.319527 0.46684 0.0405771 0.114683 0.776666 10
0 0.312746 0.226869 0.0315995 0.105262 0.828404 14
0 0.399258 0.272277 0.025128 0.124542 0.860716 37
0 0.328788 0.342992 0.040884 0.114219 0.77122 47
0 0.310539 0.392505 0.0335307 0.0814229 0.56587 83
0 0.445516 0.438162 0.0478938 0.0942893 0.699175 8
0 0.438488 0.376563 0.0506806 0.0773655 0.620691 12
0 0.522478 0.28741 0.0464999 0.0698314 0.406251 62
