0 0.313788 0.506182 0.0712961 0.225323 0.523162 10
0 0.523686 0.578228 0.0820023 0.297684 0.83941 2
0 0.146745 0.48173 0.0968489 0.172406 0.41871 83
0 0.624554 0.592644 0.101209 0.291822 0.86093 7
0 0.418844 0.522362 0.0772773 0.272267 0.837262 220
0 0.446804 0.281827 0.0752311 0.254257 0.902974 47
0 0.360579 0.508782 0.0590986 0.276053 0.498453 229
0 0.722653 0.462132 0.129007 0.177043 0.911106 209
0 0.0713163 0.37694 0.0422816 0.227459 0.861536 243
0 0.598957 0.529142 0.0788679 0.336211 0.592792 250
0 0.624867 0.411761 0.0582923 0.124634 0.228329 254
0 0.902804 0.519495 0.0697999 0.146532 0.324899 233
0 0.464617 0.447332 0.107475 0.264313 0.592131 189
