0 0.135659 0.544994 0.031156 0.126648 0.846744 1
0 0.446179 0.525863 0.0402334 0.132064 0.836428 2
0 0.571771 0.717624 0.0373909 0.153803 0.902899 3
0 0.434653 0.338402 0.0404343 0.0748297 0.784082 4
0 0.442463 0.741387 0.0343074 0.149985 0.853217 5
0 0.773736 0.404996 0.0369963 0.12061 0.877066 6
0 0.533363 0.483062 0.0439997 0.115416 0.504054 7
0 0.442225 0.454727 0.0401246 0.0923785 0.741577 8
0 0.427423 0.0241977 0.0210138 0.0476244 0.747437 9
0 0.323517 0.484221 0.0321679 0.113675 0.574708 10
0 0.447049 0.388648 0.0340207 0.0611665 0.373493 12
0 0.320282 0.249775 0.022133 0.108684 0.860501 14
0 0.543519 0.0106002 0.0103382 0.0211425 0.47021 15
0 0.363291 0.285462 0.02432 0.122276 0.83774 37
0 0.321028 0.373472 0.0343362 0.160186 0.359447 47
0 0.150759 0.0184863 0.0134321 0.0369725 0.179028 49
0 0.530921 0.300131 0.0359523 0.0749437 0.571104 62
0 0.236374 0.0210568 0.0263523 0.0415325 0.644491 28
0 0.464325 0.0115923 0.0143714 0.022746 0.288073 65
0 0.292735 0.0153712 0.027628 0.0307424 0.320726 71
