0 0.102733 0.560519 0.038274 0.128621 0.877805 1
0 0.450979 0.53409 0.0457195 0.0937933 0.704043 2
0 0.572719 0.70602 0.0532795 0.146661 0.906564 3
0 0.429176 0.327956 0.0448248 0.0683443 0.778863 4
0 0.448042 0.735483 0.0396339 0.130535 0.834674 5
0 0.771293 0.389916 0.0369835 0.121599 0.876165 6
0 0.528329 0.472992 0.0433381 0.10642 0.461746 7
0 0.424758 0.0165531 0.0188066 0.0329051 0.5994 9
0 0.321756 0.470265 0.0371716 0.11158 0.722688 10
0 0.445144 0.379033 0.0390477 0.0626192 0.146635 12
0 0.319415 0.238517 0.0280487 0.102625 0.865189 14
0 0.387351 0.27426 0.0243314 0.118538 0.859856 37
0 0.327951 0.358018 0.0315432 0.0941422 0.618819 47
0 0.31204 0.404974 0.0263463 0.075127 0.534346 83
0 0.441898 0.441649 0.0487577 0.0912405 0.628708 8
0 0.511547 0.374153 0.0623691 0.149079 0.223993 93
