0 0.137504 0.524576 0.0314043 0.129985 0.860299 1
0 0.466565 0.519992 0.0302068 0.146778 0.812435 2
0 0.560301 0.717678 0.031127 0.161211 0.837514 3
0 0.430675 0.344556 0.0324834 0.0732203 0.847076 4
0 0.425296 0.733586 0.0371397 0.159859 0.846008 5
0 0.774464 0.407462 0.0361137 0.121662 0.873313 6
0 0.532533 0.479849 0.0463823 0.12705 0.497692 7
0 0.437989 0.455908 0.035658 0.0962284 0.802216 8
0 0.427663 0.0259493 0.0210306 0.051832 0.725153 9
0 0.324076 0.475553 0.0330538 0.133212 0.685358 10
0 0.517366 0.3472 0.0830998 0.204083 0.109768 11
0 0.445967 0.390743 0.0336556 0.0656594 0.645466 12
0 0.319873 0.24748 0.0227613 0.119938 0.738822 14
0 0.544942 0.0124963 0.0108715 0.0238557 0.311774 15
0 0.349405 0.287234 0.0228113 0.11929 0.858174 37
0 0.0524644 0.0245084 0.0227137 0.0469371 0.472855 44
0 0.3167 0.372526 0.0301357 0.150848 0.576051 47
0 0.321497 0.36029 0.0217531 0.125926 0.263946 48
0 0.153393 0.0202762 0.0143847 0.0399299 0.282835 49
