0 0.0438742 0.570468 0.0439695 0.13352 0.883155 1
0 0.456839 0.529654 0.0606218 0.100231 0.632215 2
0 0.576186 0.711905 0.0606745 0.151787 0.916128 3
0 0.427892 0.316684 0.0487043 0.0701087 0.771962 4
0 0.443204 0.746408 0.0456148 0.127208 0.825249 5
0 0.783229 0.381369 0.0385389 0.125242 0.873011 6
0 0.53286 0.470684 0.0442573 0.104491 0.557787 7
0 0.318704 0.466789 0.0412698 0.114837 0.770826 10
0 0.311616 0.223677 0.0324768 0.10794 0.859748 14
0 0.40084 0.269101 0.0256405 0.125151 0.842547 37
0 0.330965 0.338998 0.041161 0.119395 0.78851 47
0 0.310166 0.392919 0.0389294 0.0946851 0.617575 83
0 0.445854 0.436878 0.0476573 0.0948459 0.758366 8
0 0.438419 0.374569 0.0517779 0.0778037 0.652196 12
0 0.521965 0.282651 0.0445085 0.0660212 0.433835 62
