0 0.338757 0.52922 0.0765466 0.239013 0.770702 10
0 0.522859 0.601064 0.0746033 0.277446 0.863043 2
0 0.164561 0.489013 0.09209 0.17433 0.412867 83
0 0.611769 0.609227 0.100298 0.280986 0.868142 7
0 0.454178 0.524879 0.0790331 0.294731 0.651984 220
0 0.442707 0.301771 0.0728348 0.24002 0.887779 47
0 0.022914 0.718759 0.0458281 0.260942 0.782821 3
0 0.392458 0.533215 0.0545767 0.252577 0.407967 229
0 0.707606 0.490017 0.117258 0.151175 0.893927 209
0 0.0367068 0.409564 0.0358219 0.207967 0.867126 243
0 0.582496 0.566772 0.0675323 0.288079 0.586705 250
0 0.486755 0.490039 0.0580464 0.169285 0.452736 37
