0 0.0841214 0.566847 0.037216 0.119531 0.656155 1
0 0.457695 0.531181 0.0499673 0.0950807 0.701491 2
0 0.573065 0.705758 0.0552281 0.146826 0.914006 3
0 0.429148 0.3258 0.0459139 0.0684081 0.806098 4
0 0.447399 0.737025 0.0401804 0.127819 0.821574 5
0 0.7722 0.388253 0.0371409 0.122194 0.880351 6
0 0.529675 0.472467 0.0438223 0.104956 0.645402 7
0 0.424732 0.0152085 0.0189524 0.0304131 0.134545 9
0 0.321222 0.469015 0.0380468 0.112347 0.724807 10
0 0.318564 0.236147 0.0291363 0.103456 0.848104 14
0 0.392098 0.27283 0.0242981 0.119641 0.844904 37
0 0.327266 0.354134 0.0348573 0.0990259 0.606521 47
0 0.312186 0.404296 0.0292466 0.0797966 0.502562 83
0 0.442633 0.438873 0.0513936 0.0935712 0.746388 8
0 0.519066 0.424295 0.039727 0.11519 0.185368 95
0 0.439337 0.381145 0.0493907 0.0786458 0.474454 12
0 0.522036 0.29303 0.0345163 0.0616883 0.362674 62
