0 0.0334686 0.856128 0.0594912 0.232731 0.909345 5
0 0.399842 0.586806 0.0728935 0.218752 0.819009 10
0 0.511433 0.600292 0.0684035 0.258203 0.475579 2
0 0.290184 0.465 0.0648846 0.187476 0.496164 83
0 0.557496 0.587947 0.0723831 0.220828 0.730125 7
0 0.355877 0.485049 0.0630722 0.204331 0.720798 217
0 0.459594 0.564904 0.0521714 0.225846 0.357182 220
0 0.388214 0.38836 0.0603988 0.163642 0.818125 47
0 0.203207 0.764122 0.0775854 0.216495 0.900141 3
0 0.434798 0.40224 0.0473669 0.148675 0.801951 37
0 0.518457 0.407986 0.0573422 0.142836 0.598079 189
0 0.62498 0.549559 0.114746 0.108799 0.389122 209
