0 0.129642 0.567262 0.0347759 0.120563 0.889447 1
0 0.445778 0.531263 0.0439216 0.112028 0.811995 2
0 0.57352 0.710793 0.0495566 0.149461 0.911127 3
0 0.428867 0.334334 0.0428692 0.0680666 0.846658 4
0 0.446412 0.74118 0.0371114 0.131573 0.846854 5
0 0.772074 0.396264 0.0371749 0.120866 0.87708 6
0 0.527976 0.470061 0.0487613 0.124898 0.477659 7
0 0.425089 0.0204314 0.01986 0.0397586 0.345457 9
0 0.322341 0.477261 0.0357518 0.11189 0.725039 10
0 0.447037 0.384495 0.0395154 0.0656032 0.503849 12
0 0.320265 0.245292 0.0262723 0.103956 0.870998 14
0 0.376623 0.279934 0.0230765 0.119122 0.832007 37
0 0.327871 0.363529 0.0273262 0.0970698 0.621017 47
0 0.291838 0.0111422 0.019762 0.0216966 0.123983 71
0 0.510885 0.327591 0.0517836 0.0855955 0.17149 81
0 0.311577 0.410246 0.0269658 0.080542 0.481671 83
0 0.441016 0.448599 0.0437567 0.0898421 0.809336 8
