0 0.11282 0.562097 0.0377641 0.128959 0.870899 1
0 0.449451 0.534072 0.0444679 0.0982984 0.760139 2
0 0.572673 0.70705 0.0520555 0.146689 0.904664 3
0 0.4294 0.329546 0.044708 0.0689943 0.812991 4
0 0.448036 0.736099 0.0393024 0.132009 0.846498 5
0 0.771208 0.391608 0.0371396 0.121755 0.874879 6
0 0.529622 0.473635 0.0431213 0.108467 0.665813 7
0 0.424671 0.017664 0.0189694 0.0348202 0.510382 9
0 0.321887 0.472293 0.0368213 0.111642 0.672894 10
0 0.44629 0.382056 0.0392969 0.0640011 0.285586 12
0 0.319692 0.240437 0.0274363 0.102609 0.868759 14
0 0.386294 0.275942 0.0237958 0.118952 0.878358 37
0 0.327923 0.360769 0.0299654 0.0939197 0.487991 47
0 0.311476 0.406567 0.0258898 0.0753724 0.485635 83
0 0.442075 0.443268 0.04753 0.0911956 0.710086 8
0 0.512342 0.375757 0.0623079 0.150113 0.282183 93
