0 0.148547 0.488727 0.0320045 0.134591 0.845571 1
0 0.46045 0.501655 0.031448 0.149114 0.818663 2
0 0.581142 0.698384 0.0322578 0.165676 0.797834 3
0 0.426746 0.338096 0.0379587 0.0976862 0.792205 4
0 0.37812 0.718611 0.044501 0.162054 0.759896 5
0 0.775459 0.405723 0.0337771 0.122481 0.670909 6
0 0.533194 0.481535 0.045869 0.126523 0.627552 7
0 0.424281 0.456606 0.0337006 0.105802 0.618861 8
0 0.423883 0.0288258 0.0198263 0.0558625 0.617455 9
0 0.318035 0.475804 0.0299857 0.134745 0.550391 10
0 0.529883 0.289909 0.0460611 0.101489 0.493601 11
0 0.44286 0.386409 0.0385634 0.0804603 0.468461 12
0 0.147821 0.0262274 0.0243736 0.051531 0.44324 13
0 0.318755 0.235377 0.0211105 0.114546 0.429653 14
0 0.544338 0.0147977 0.0119725 0.0286016 0.31835 15
