0 0.458455 0.486456 0.104872 0.427716 0.855446 2
0 0.635214 0.60893 0.109212 0.427939 0.85446 7
0 0.214012 0.496098 0.121821 0.436985 0.888986 220
0 0.471799 0.170385 0.0797181 0.292998 0.875537 47
0 0.167192 0.478712 0.0914299 0.421048 0.849865 229
0 0.54298 0.517148 0.0938868 0.460079 0.790699 250
0 0.13648 0.361009 0.119697 0.414586 0.883522 288
0 0.565653 0.247593 0.0809127 0.194979 0.599248 209
0 0.547121 0.296045 0.0845025 0.180382 0.563325 290
0 0.0638418 0.457074 0.0991545 0.389097 0.893671 10
0 0.0882952 0.275711 0.0728292 0.361128 0.819475 296
0 0.419467 0.533034 0.153603 0.292695 0.294001 301
0 0.618919 0.365634 0.0806999 0.200212 0.199295 285
