0 0.352461 0.546491 0.0829601 0.254687 0.726254 10
0 0.523603 0.604937 0.0710812 0.27051 0.735386 2
0 0.172244 0.496336 0.0877326 0.161371 0.833427 83
0 0.602282 0.610136 0.0969621 0.275046 0.766163 7
0 0.450627 0.552815 0.0669939 0.246636 0.625172 220
0 0.438146 0.313755 0.0703862 0.228204 0.865253 47
0 0.0279905 0.724854 0.055981 0.253681 0.858912 3
0 0.403632 0.539695 0.0539106 0.248612 0.321963 229
0 0.702843 0.497111 0.114805 0.144584 0.864296 209
0 0.483758 0.446078 0.0756977 0.173846 0.246756 189
0 0.0243458 0.424729 0.0344312 0.207235 0.885915 243
