0 0.473302 0.520601 0.0851577 0.334519 0.760377 2
0 0.0396696 0.544045 0.0793391 0.162634 0.70431 83
0 0.6109 0.595908 0.0964765 0.342682 0.867585 7
0 0.30876 0.498553 0.0871806 0.322981 0.861487 220
0 0.447722 0.24252 0.0768678 0.305919 0.899408 47
0 0.267668 0.481206 0.0737437 0.324646 0.737513 229
0 0.695627 0.388555 0.149926 0.252494 0.911238 209
0 0.128409 0.312794 0.05769 0.277478 0.867992 243
0 0.564716 0.547529 0.0752378 0.345851 0.846091 250
0 0.960413 0.436883 0.0791741 0.22803 0.870751 233
0 0.650854 0.535145 0.0385391 0.307823 0.658643 275
