0 0.0464747 0.522785 0.0424682 0.126427 0.90484 1
0 0.454296 0.522792 0.066983 0.107662 0.857639 2
0 0.582321 0.717966 0.0662439 0.163678 0.906838 3
0 0.423585 0.294853 0.0532444 0.077038 0.789751 4
0 0.370402 0.749947 0.0412703 0.135432 0.862221 5
0 0.805232 0.364065 0.0415383 0.134985 0.877905 6
0 0.309526 0.454011 0.0439274 0.126131 0.735811 10
0 0.326044 0.194752 0.0306062 0.118916 0.859247 14
0 0.403275 0.241253 0.0278118 0.123749 0.84666 37
0 0.33372 0.313477 0.0359364 0.132924 0.816884 47
0 0.304633 0.369592 0.0417438 0.101647 0.746426 83
0 0.44371 0.42396 0.0497681 0.100873 0.774804 8
0 0.524513 0.257776 0.0483095 0.0687003 0.492218 62
0 0.435748 0.357427 0.0575773 0.0857053 0.671902 110
0 0.533155 0.455609 0.0502948 0.121265 0.724991 7
0 0.534863 0.373748 0.0411848 0.10583 0.121527 115
0 0.575938 0.979715 0.0288953 0.0402822 0.505987 127
0 0.510217 0.304803 0.0577611 0.0774869 0.32211 128
