0 0.459926 0.484312 0.105718 0.444146 0.880728 2
0 0.640695 0.609723 0.107722 0.424753 0.883085 7
0 0.232421 0.4963 0.118745 0.451001 0.825999 220
0 0.482962 0.182912 0.0875476 0.331001 0.858461 47
0 0.170435 0.476131 0.0894821 0.425808 0.840867 229
0 0.544276 0.514898 0.0946548 0.478201 0.789677 250
0 0.131488 0.361688 0.115041 0.428537 0.883841 288
0 0.551611 0.283354 0.0897977 0.195933 0.47078 290
0 0.0482604 0.464409 0.0965207 0.423174 0.895382 10
0 0.0732489 0.272513 0.075081 0.370629 0.893269 296
0 0.390174 0.508719 0.181284 0.35549 0.714714 301
0 0.622283 0.355621 0.0844396 0.210731 0.487154 285
0 0.621338 0.436719 0.0879893 0.37881 0.350229 306
