0 0.0449829 0.524037 0.0426967 0.12497 0.899884 1
0 0.454259 0.522609 0.067069 0.108132 0.851621 2
0 0.582492 0.718306 0.0663128 0.164062 0.906238 3
0 0.423455 0.294717 0.0535394 0.0774629 0.792007 4
0 0.366345 0.750176 0.0414894 0.135857 0.875096 5
0 0.805826 0.363685 0.0415972 0.135321 0.880644 6
0 0.309214 0.453945 0.043899 0.126267 0.737447 10
0 0.325621 0.194219 0.030584 0.119184 0.855554 14
0 0.403288 0.240554 0.0279348 0.12368 0.849311 37
0 0.333462 0.313474 0.0359745 0.132334 0.813473 47
0 0.304165 0.369795 0.0420319 0.102474 0.771803 83
0 0.443743 0.423872 0.0497127 0.10069 0.757354 8
0 0.524627 0.258041 0.0492494 0.069968 0.465198 62
0 0.435598 0.357297 0.0575529 0.0853045 0.691809 110
0 0.533319 0.456337 0.0499423 0.119523 0.715356 7
0 0.531897 0.375899 0.0429119 0.108928 0.104325 115
0 0.575507 0.980413 0.0280178 0.0391112 0.344673 127
0 0.510313 0.304712 0.0576486 0.0773513 0.322141 128
