0 0.0460653 0.565799 0.0438647 0.134659 0.868013 1
0 0.456808 0.52944 0.0612075 0.100643 0.758154 2
0 0.576445 0.712607 0.0611244 0.15251 0.914927 3
0 0.427659 0.315434 0.0492569 0.0707539 0.769512 4
0 0.442338 0.747559 0.0454917 0.12681 0.829563 5
0 0.784637 0.380054 0.038767 0.125947 0.873737 6
0 0.533512 0.470228 0.044153 0.104879 0.563494 7
0 0.318218 0.46648 0.0416942 0.115086 0.673598 10
0 0.310916 0.222 0.0327243 0.108896 0.861335 14
0 0.401392 0.26745 0.0263899 0.12723 0.849146 37
0 0.332253 0.336218 0.0409761 0.12178 0.742136 47
0 0.31071 0.390051 0.0389053 0.0965193 0.646181 83
0 0.445091 0.436263 0.0478593 0.095827 0.703815 8
0 0.438279 0.372964 0.0533474 0.0798059 0.567877 12
0 0.521872 0.281486 0.0454894 0.0668391 0.437107 62
0 0.530621 0.453965 0.0482417 0.138693 0.346668 105
