0 0.0407396 0.524761 0.0435827 0.124604 0.903426 1
0 0.453463 0.522731 0.0672582 0.109187 0.840286 2
0 0.582939 0.719151 0.0666038 0.165265 0.914564 3
0 0.423372 0.294154 0.0532985 0.0770005 0.785541 4
0 0.358443 0.750417 0.0421106 0.13541 0.858578 5
0 0.806864 0.363325 0.0416943 0.135963 0.886377 6
0 0.308682 0.453927 0.0439688 0.126768 0.747944 10
0 0.324964 0.193489 0.0307207 0.119859 0.855299 14
0 0.403148 0.239805 0.0282747 0.124206 0.847597 37
0 0.332995 0.31376 0.0361661 0.131588 0.806013 47
0 0.303668 0.370097 0.042406 0.103863 0.746626 83
0 0.443608 0.423705 0.0498752 0.100893 0.703539 8
0 0.52598 0.256967 0.0483834 0.0689316 0.368938 62
0 0.435434 0.356824 0.0582438 0.0857865 0.668733 110
0 0.533529 0.456236 0.0504353 0.119346 0.731162 7
0 0.530625 0.37508 0.0437164 0.107861 0.14795 115
0 0.575839 0.981253 0.0267339 0.0374943 0.217447 127
0 0.510643 0.304502 0.0578629 0.0777034 0.327311 128
