0 0.116548 0.806516 0.0581246 0.184054 0.721979 5
0 0.278506 0.224305 0.0465446 0.115795 0.899328 14
0 0.629989 0.365782 0.0541068 0.145308 0.768905 115
0 0.371962 0.449451 0.0693446 0.172707 0.765225 10
0 0.444487 0.501015 0.0745647 0.179625 0.796955 2
0 0.347703 0.373049 0.0577326 0.156852 0.622609 83
0 0.36221 0.73779 0.0616109 0.159519 0.799455 169
0 0.409755 0.453081 0.0430025 0.149096 0.433278 181
0 0.467813 0.343971 0.0735784 0.125823 0.545874 110
0 0.429254 0.328975 0.0956502 0.165362 0.130184 62
