0 0.139287 0.502633 0.0332013 0.138307 0.85991 1
0 0.467328 0.50208 0.0297205 0.146496 0.596203 2
0 0.574121 0.702251 0.0358523 0.194361 0.66222 3
0 0.427973 0.339304 0.0364787 0.0928642 0.424845 4
0 0.399658 0.72726 0.0416481 0.15945 0.819985 5
0 0.776651 0.408808 0.0319144 0.113897 0.375002 6
0 0.532259 0.471031 0.0538005 0.148002 0.401892 7
0 0.431621 0.453138 0.0352375 0.109098 0.496622 8
0 0.424994 0.0281552 0.0192736 0.0543451 0.669123 9
0 0.314972 0.485468 0.0243363 0.105971 0.521346 10
0 0.528033 0.287802 0.0441097 0.0944559 0.350208 11
0 0.443413 0.386891 0.0358968 0.0739387 0.126626 12
0 0.31972 0.237596 0.0218164 0.115607 0.352908 14
0 0.545098 0.0135862 0.0112805 0.0263892 0.387216 15
