0 0.0939956 0.563591 0.0381592 0.125303 0.876028 1
0 0.453823 0.53271 0.0484987 0.0935933 0.459747 2
0 0.572971 0.705707 0.0541949 0.14627 0.918173 3
0 0.429172 0.326555 0.0451005 0.0678372 0.781201 4
0 0.447557 0.735507 0.0400659 0.130162 0.838591 5
0 0.771601 0.388542 0.0369233 0.121494 0.876601 6
0 0.529189 0.472466 0.0435203 0.105349 0.509635 7
0 0.424603 0.0161505 0.0191432 0.0320256 0.349241 9
0 0.321657 0.469462 0.0374605 0.111424 0.716399 10
0 0.31913 0.237042 0.0286536 0.103141 0.86761 14
0 0.389081 0.273016 0.0245367 0.119203 0.845053 37
0 0.327687 0.355773 0.0332072 0.0960694 0.59652 47
0 0.312235 0.403372 0.0267614 0.0743309 0.452615 83
0 0.442177 0.440097 0.0500649 0.0920198 0.629958 8
0 0.512023 0.372889 0.0618668 0.146231 0.150552 93
0 0.52154 0.433065 0.0421647 0.122509 0.148544 95
0 0.441097 0.381362 0.0456593 0.0728158 0.333708 12
