0 0.136626 0.547029 0.0318371 0.127372 0.827587 1
0 0.4446 0.526269 0.0411814 0.130017 0.852295 2
0 0.573097 0.717867 0.0391373 0.152349 0.904518 3
0 0.434055 0.336386 0.0394402 0.0705784 0.716086 4
0 0.443476 0.742078 0.033665 0.146098 0.847363 5
0 0.773409 0.404225 0.0371208 0.120722 0.874172 6
0 0.534645 0.485283 0.0414876 0.108804 0.50407 7
0 0.441344 0.453761 0.041211 0.0929488 0.721767 8
0 0.42696 0.0237154 0.0209205 0.0467074 0.734654 9
0 0.323299 0.483679 0.0327061 0.113142 0.630439 10
0 0.447477 0.388692 0.0347554 0.0615561 0.396722 12
0 0.321049 0.249788 0.0227175 0.107853 0.847262 14
0 0.543128 0.0102076 0.0102012 0.0204152 0.488132 15
0 0.366031 0.285138 0.0243258 0.122324 0.858789 37
0 0.321236 0.376634 0.0342707 0.156235 0.460797 47
0 0.149979 0.0194687 0.0143182 0.0389375 0.180628 49
0 0.530357 0.296516 0.0361248 0.0750376 0.720481 62
0 0.236016 0.0211807 0.0265558 0.0414191 0.596569 28
0 0.464117 0.0109225 0.0133829 0.0210676 0.229355 65
0 0.292431 0.0150849 0.0270896 0.0301698 0.301806 71
