0 0.0350444 0.524067 0.0455828 0.128532 0.899539 1
0 0.453448 0.523008 0.0666941 0.108938 0.84799 2
0 0.583321 0.720089 0.0667499 0.166005 0.918614 3
0 0.42348 0.292448 0.0532588 0.0768849 0.784342 4
0 0.350123 0.750117 0.0419933 0.135094 0.883161 5
0 0.808741 0.362992 0.0416783 0.13613 0.881881 6
0 0.308656 0.453175 0.0444359 0.128251 0.787564 10
0 0.323703 0.190818 0.0312727 0.120687 0.871742 14
0 0.403069 0.238751 0.0288105 0.12537 0.84253 37
0 0.332343 0.313383 0.0367165 0.130709 0.787503 47
0 0.303037 0.371854 0.0429072 0.107113 0.672442 83
0 0.44306 0.422299 0.0514341 0.104653 0.742054 8
0 0.527684 0.251642 0.04384 0.0624957 0.300727 62
0 0.435216 0.356122 0.0590428 0.08639 0.665929 110
0 0.532483 0.446529 0.0580631 0.138931 0.641511 7
0 0.52846 0.363153 0.0518441 0.122619 0.193005 115
0 0.577717 0.98229 0.0247703 0.0354205 0.278307 127
0 0.509651 0.303517 0.059814 0.0809727 0.311224 128
