0 0.0555673 0.54991 0.0420149 0.132646 0.8939 1
0 0.456455 0.526562 0.0630544 0.102713 0.816486 2
0 0.577908 0.713098 0.0622879 0.153949 0.913478 3
0 0.426524 0.309094 0.0510603 0.0722517 0.80589 4
0 0.435341 0.744963 0.0469836 0.140538 0.786445 5
0 0.78994 0.375061 0.0393649 0.127124 0.88772 6
0 0.317107 0.46153 0.0429661 0.118589 0.766993 10
0 0.310594 0.212295 0.0347389 0.112636 0.883967 14
0 0.40474 0.255618 0.0258568 0.119491 0.830662 37
0 0.336759 0.324674 0.0397356 0.128996 0.760146 47
0 0.309818 0.382761 0.0330547 0.0837442 0.666227 83
0 0.441825 0.431187 0.049034 0.097379 0.696688 8
0 0.522711 0.273559 0.0471559 0.0665551 0.577156 62
0 0.437831 0.367668 0.0560977 0.0820089 0.491793 110
0 0.530545 0.452858 0.0551837 0.134853 0.555075 7
