0 0.455426 0.508314 0.083579 0.34367 0.82481 2
0 0.615527 0.59725 0.100022 0.368849 0.877558 7
0 0.27424 0.475368 0.0945121 0.357297 0.876887 220
0 0.449028 0.229355 0.0736957 0.313758 0.901604 47
0 0.213668 0.462591 0.0783674 0.338811 0.821468 229
0 0.670831 0.362006 0.154203 0.297981 0.820236 209
0 0.135057 0.299394 0.0658588 0.295804 0.748776 243
0 0.552842 0.549908 0.0793035 0.37308 0.842703 250
0 0.521629 0.479459 0.0590858 0.320562 0.522275 278
0 0.64623 0.522191 0.150702 0.401051 0.752808 254
0 0.986692 0.409813 0.0266151 0.32344 0.76032 280
0 0.195369 0.415626 0.121161 0.354625 0.814925 10
