0 0.0446067 0.850114 0.0668315 0.202093 0.92595 5
0 0.306645 0.252778 0.0535484 0.130965 0.865029 14
0 0.704711 0.383726 0.0593594 0.167369 0.904985 115
0 0.362883 0.471914 0.0773358 0.200591 0.662399 10
0 0.427916 0.518053 0.068336 0.187034 0.824285 2
0 0.346363 0.390514 0.0563269 0.164735 0.749146 83
0 0.302741 0.744384 0.0641901 0.169688 0.886981 169
0 0.479376 0.380829 0.0768398 0.118976 0.824262 110
0 0.550062 0.393894 0.04721 0.130689 0.88324 189
0 0.377668 0.306966 0.0704278 0.117339 0.337783 194
0 0.459269 0.486386 0.0659836 0.155331 0.562453 7
