0 0.521543 0.737263 0.0673009 0.154991 0.713825 3
0 0.449573 0.300483 0.0828528 0.130172 0.242207 4
0 0.261827 0.774237 0.0520164 0.168215 0.896367 5
0 0.280255 0.189664 0.0379037 0.105207 0.889898 14
0 0.413287 0.258321 0.0370906 0.114202 0.591836 37
0 0.571739 0.361192 0.0526881 0.145825 0.754537 115
0 0.353246 0.439426 0.0624323 0.135473 0.815797 10
0 0.492184 0.450328 0.0729538 0.149792 0.121743 7
0 0.487895 0.486702 0.0770109 0.162814 0.791512 2
0 0.325467 0.378148 0.0591175 0.138575 0.366496 83
0 0.486154 0.276052 0.0810095 0.134447 0.571989 62
