0 0.332894 0.520168 0.0752607 0.235027 0.636148 10
0 0.524672 0.595128 0.0774919 0.284249 0.894214 2
0 0.170079 0.485196 0.097217 0.180994 0.761763 83
0 0.618948 0.60105 0.101046 0.282031 0.884232 7
0 0.442022 0.533073 0.0749016 0.27097 0.46413 220
0 0.445498 0.29278 0.0741739 0.247504 0.894203 47
0 0.380642 0.527235 0.0544866 0.256758 0.726578 229
0 0.712702 0.481227 0.120525 0.159006 0.882221 209
0 0.0456204 0.399485 0.0371483 0.20814 0.876859 243
0 0.585214 0.563165 0.0677761 0.289819 0.572551 250
0 0.614102 0.425645 0.0532384 0.113003 0.622083 254
0 0.877083 0.540513 0.061124 0.127177 0.45905 233
