0 0.147165 0.490006 0.0311706 0.130693 0.794654 1
0 0.461115 0.500859 0.0311356 0.147954 0.818378 2
0 0.579116 0.694912 0.0336507 0.173957 0.641591 3
0 0.42672 0.337521 0.0377064 0.0969839 0.713983 4
0 0.381306 0.721036 0.0441132 0.16045 0.795104 5
0 0.776492 0.405133 0.0333993 0.121005 0.398663 6
0 0.532665 0.483102 0.0436527 0.119972 0.651099 7
0 0.425705 0.456479 0.0330972 0.104045 0.61579 8
0 0.424046 0.02839 0.0194372 0.0546867 0.670397 9
0 0.319061 0.485172 0.0250881 0.112135 0.602748 10
0 0.528766 0.288692 0.0457705 0.100459 0.358792 11
0 0.442481 0.388508 0.0397856 0.0830905 0.495842 12
0 0.318899 0.235148 0.0214824 0.116387 0.612112 14
0 0.544695 0.0140001 0.011258 0.0268022 0.441728 15
