0 0.137219 0.528783 0.0319256 0.130785 0.871741 1
0 0.4639 0.520973 0.0310215 0.144356 0.793738 2
0 0.560128 0.717796 0.0310658 0.160512 0.8358 3
0 0.431452 0.34552 0.0322232 0.0702325 0.849403 4
0 0.428998 0.734398 0.0366926 0.160175 0.836317 5
0 0.774365 0.406672 0.0362986 0.121846 0.87467 6
0 0.530984 0.476928 0.0486664 0.132501 0.512756 7
0 0.439035 0.456094 0.0362041 0.0952083 0.778348 8
0 0.427552 0.0256567 0.021215 0.0513134 0.702072 9
0 0.324243 0.477511 0.0328449 0.131089 0.665476 10
0 0.446241 0.392217 0.0355194 0.0691599 0.600564 12
0 0.319293 0.24775 0.0225951 0.118809 0.808139 14
0 0.544708 0.0122441 0.0108133 0.0235411 0.306271 15
0 0.351951 0.28726 0.0233088 0.118937 0.877978 37
0 0.0465787 0.0239702 0.0230905 0.0472482 0.438543 44
0 0.316684 0.373554 0.0305861 0.152833 0.310972 47
0 0.322005 0.355467 0.0201779 0.116469 0.269243 48
0 0.153236 0.0197779 0.0139597 0.0388179 0.258248 49
