0 0.0896089 0.564621 0.0378512 0.122644 0.856138 1
0 0.461113 0.531659 0.0482306 0.0940123 0.570244 2
0 0.573015 0.705537 0.0546886 0.146432 0.914046 3
0 0.429196 0.326359 0.0451821 0.0675557 0.801668 4
0 0.447638 0.735631 0.0404206 0.130209 0.829596 5
0 0.771752 0.388361 0.0369829 0.121678 0.876701 6
0 0.529211 0.472412 0.0437597 0.105216 0.587425 7
0 0.424631 0.0157582 0.0192145 0.0314413 0.223551 9
0 0.321484 0.469136 0.0376885 0.111624 0.734205 10
0 0.318984 0.236539 0.0289044 0.103309 0.859143 14
0 0.390482 0.272847 0.0243574 0.118858 0.842579 37
0 0.327506 0.354971 0.0340008 0.0973298 0.599722 47
0 0.312294 0.403084 0.0275956 0.0756815 0.470471 83
0 0.442453 0.439448 0.0507227 0.0927179 0.678003 8
0 0.512228 0.37033 0.0631522 0.148699 0.147589 93
0 0.519445 0.426079 0.039929 0.115906 0.158963 95
0 0.439759 0.380739 0.048978 0.0782205 0.336543 12
0 0.522675 0.293475 0.0322365 0.0606825 0.304296 62
