0 0.32175 0.514185 0.0735595 0.230086 0.332862 10
0 0.526346 0.587493 0.0801638 0.289985 0.894543 2
0 0.16697 0.482569 0.101938 0.185072 0.435791 83
0 0.621639 0.592467 0.102834 0.289771 0.816008 7
0 0.430953 0.528948 0.0750989 0.265882 0.820468 220
0 0.44715 0.285483 0.0753573 0.253599 0.901529 47
0 0.369397 0.518025 0.0563866 0.265884 0.6281 229
0 0.718559 0.472305 0.123691 0.166551 0.900379 209
0 0.0565613 0.389468 0.0402735 0.217672 0.873101 243
0 0.584054 0.552631 0.0658701 0.282416 0.384566 250
0 0.619773 0.420163 0.0552489 0.117621 0.168134 254
0 0.889 0.531529 0.0661153 0.137884 0.59843 233
0 0.467272 0.450395 0.103338 0.246908 0.514758 189
