0 0.0623866 0.539775 0.0421584 0.129969 0.88393 1
0 0.45582 0.525517 0.0641283 0.103688 0.83894 2
0 0.57897 0.714624 0.0637448 0.156921 0.897259 3
0 0.426696 0.305034 0.051011 0.0733541 0.748612 4
0 0.419002 0.748181 0.0480659 0.141339 0.890287 5
0 0.794409 0.371336 0.0402784 0.130093 0.885274 6
0 0.314889 0.457885 0.0439064 0.123656 0.712413 10
0 0.320169 0.205739 0.0354252 0.11851 0.873646 14
0 0.405186 0.253673 0.0264013 0.121887 0.828259 37
0 0.337799 0.320321 0.0380864 0.133128 0.792899 47
0 0.310593 0.375487 0.0389775 0.0954214 0.673937 83
0 0.440252 0.427829 0.052731 0.0999041 0.63107 8
0 0.523354 0.269372 0.0502914 0.071309 0.378096 62
0 0.436732 0.363016 0.0574325 0.0847209 0.501652 110
0 0.530051 0.446282 0.0590064 0.146805 0.467454 7
0 0.529616 0.370791 0.0474359 0.12007 0.285799 115
0 0.532608 0.462403 0.0415137 0.11438 0.304804 105
