0 0.0351029 0.857438 0.0583558 0.227125 0.885073 5
0 0.407686 0.582305 0.0713544 0.214705 0.71067 10
0 0.508851 0.589862 0.0694188 0.263795 0.52227 2
0 0.29494 0.456292 0.0592612 0.183176 0.881929 83
0 0.552903 0.577184 0.0738907 0.225583 0.674357 7
0 0.366298 0.478318 0.0651416 0.209715 0.660515 217
0 0.452986 0.568313 0.0508746 0.217083 0.483643 220
0 0.386116 0.371107 0.0453608 0.120621 0.581977 47
0 0.214426 0.770476 0.0812543 0.21966 0.875421 3
0 0.426742 0.394529 0.0439701 0.142448 0.580887 37
0 0.526415 0.410806 0.0609868 0.158945 0.572568 189
