0 0.0535958 0.52146 0.0434419 0.135094 0.900853 1
0 0.455148 0.523119 0.0658976 0.105479 0.840805 2
0 0.581692 0.717016 0.0659103 0.162321 0.904745 3
0 0.424101 0.296261 0.052506 0.0759798 0.804253 4
0 0.379552 0.750709 0.0423273 0.135532 0.877569 5
0 0.802834 0.365322 0.0407982 0.132767 0.87611 6
0 0.310673 0.454256 0.0436996 0.12525 0.717914 10
0 0.326677 0.197091 0.0306447 0.116951 0.820941 14
0 0.403369 0.243792 0.0274884 0.123667 0.831132 37
0 0.334567 0.313965 0.0356627 0.133625 0.779368 47
0 0.306173 0.369441 0.0411398 0.100848 0.740003 83
0 0.443716 0.424293 0.0506654 0.102351 0.767255 8
0 0.524746 0.260526 0.0493819 0.0708008 0.396106 62
0 0.436304 0.357826 0.0575256 0.0862031 0.607709 110
0 0.531181 0.449245 0.055085 0.133849 0.528771 7
0 0.536132 0.369198 0.0375985 0.0951311 0.184217 115
